
129
(
83590
83591
86895
86962
86963
87155
87156
87324
87325
87469
87470
87590
87591
87613
87614
87681
87682
87764
87765
87887
87888
87988
87989
88081
88082
88166
88167
88243
88244
88312
88313
88373
88374
88426
88920
88921
89609
89636
90050
90315
91216
91680
91681
91717
91718
91746
91747
91767
91768
91780
91781
91786
91896
92794
92866
92930
92997
93107
93173
93231
93292
93381
93437
93794
93934
93983
94061
106611
180174
181589
181590
182895
182896
182897
182898
244177
317683
317728
317743
319076
319108
319134
323378
331066
447447
535155
738992
738993
738994
739157
740074
740075
740327
740335
740341
740401
740459
740522
740572
740619
740662
740665
740754
740770
740773
740781
740784
740787
740790
740793
741905
741908
741909
742006
742007
742127
742128
742578
742749
742753
742867
743570
743571
743720
743721
743789
744601
744602
744662
)
