# Solver information
# Time        	U_solver      	Ux_initial    	Ux_final      	Ux_iters      	Uy_initial    	Uy_final      	Uy_iters      	Uz_initial    	Uz_final      	Uz_iters      	U_converged   	p_solver      	p_initial     	p_final       	p_iters       	p_converged   
1             	smoothSolver	1.000000e+00	8.115710e-02	12	1.000000e+00	8.755230e-02	5	1.000000e+00	8.487020e-02	6	false	GAMG	1.000000e+00	5.955450e-03	8	true
2             	smoothSolver	1.883150e-01	1.488190e-02	8	4.564370e-01	3.816940e-02	7	4.802800e-01	3.986870e-02	7	false	GAMG	1.970310e-01	1.219670e-03	5	true
3             	smoothSolver	6.094280e-02	4.916300e-03	8	2.905190e-01	2.594890e-02	7	1.335770e-01	1.080590e-02	7	false	GAMG	7.057130e-02	4.650000e-04	5	true
4             	smoothSolver	3.799710e-02	3.317460e-03	8	2.034470e-01	1.937680e-02	7	8.483940e-02	7.374980e-03	7	false	GAMG	4.208120e-02	2.866100e-04	5	true
5             	smoothSolver	2.839020e-02	2.563130e-03	8	1.663450e-01	1.287590e-02	8	6.777090e-02	6.445400e-03	7	false	GAMG	3.215240e-02	2.406420e-04	5	true
6             	smoothSolver	2.237800e-02	2.011090e-03	8	1.335660e-01	1.068580e-02	8	5.667130e-02	4.362460e-03	8	false	GAMG	2.864480e-02	2.035640e-04	5	true
7             	smoothSolver	1.828410e-02	1.611350e-03	8	1.093220e-01	8.701220e-03	8	4.737680e-02	3.667760e-03	8	false	GAMG	2.703410e-02	1.688440e-04	5	true
8             	smoothSolver	1.540550e-02	1.324350e-03	8	9.389600e-02	7.363270e-03	8	4.096200e-02	3.202540e-03	8	false	GAMG	2.698550e-02	1.403990e-04	5	true
9             	smoothSolver	1.340620e-02	1.139070e-03	8	8.699350e-02	6.848540e-03	8	3.798760e-02	2.957180e-03	8	false	GAMG	2.608260e-02	2.498370e-04	4	true
10            	smoothSolver	1.164420e-02	1.029390e-03	8	8.181150e-02	6.447620e-03	8	3.549670e-02	2.830170e-03	8	false	GAMG	2.415500e-02	2.191560e-04	4	true
11            	smoothSolver	1.076810e-02	9.586610e-04	8	7.982150e-02	6.285080e-03	8	3.370450e-02	2.714460e-03	8	false	GAMG	2.236490e-02	1.177020e-04	5	true
12            	smoothSolver	9.950880e-03	9.273570e-04	8	7.876130e-02	6.303050e-03	8	3.256710e-02	2.680960e-03	8	false	GAMG	2.092870e-02	1.068070e-04	5	true
13            	smoothSolver	9.214120e-03	8.859040e-04	8	7.277970e-02	5.865490e-03	8	3.126910e-02	2.623140e-03	8	false	GAMG	1.951530e-02	1.008830e-04	5	true
14            	smoothSolver	8.519630e-03	8.491830e-04	8	6.694720e-02	5.532520e-03	8	2.952440e-02	2.602300e-03	8	false	GAMG	1.720580e-02	9.582750e-05	5	true
15            	smoothSolver	8.061230e-03	7.967220e-04	8	6.589100e-02	5.473670e-03	8	2.879360e-02	2.611340e-03	8	false	GAMG	1.587690e-02	8.889390e-05	5	true
16            	smoothSolver	7.648080e-03	7.623850e-04	8	6.242120e-02	5.270950e-03	8	2.782110e-02	2.617480e-03	8	false	GAMG	1.450140e-02	8.067440e-05	5	true
17            	smoothSolver	7.229270e-03	7.196070e-04	8	5.870260e-02	4.944100e-03	8	2.713220e-02	2.557530e-03	8	false	GAMG	1.438250e-02	7.019380e-05	5	true
18            	smoothSolver	7.084820e-03	6.763700e-04	8	5.585650e-02	4.597440e-03	8	2.654360e-02	2.456940e-03	8	false	GAMG	1.292980e-02	6.929280e-05	5	true
19            	smoothSolver	6.458520e-03	6.232050e-04	8	5.254350e-02	4.364130e-03	8	2.542540e-02	2.341270e-03	8	false	GAMG	1.264880e-02	6.744500e-05	5	true
20            	smoothSolver	6.118470e-03	5.774590e-04	8	5.135340e-02	4.116340e-03	8	2.430160e-02	2.169340e-03	8	false	GAMG	1.226170e-02	6.838270e-05	5	true
21            	smoothSolver	5.693290e-03	5.179210e-04	8	4.918020e-02	3.886570e-03	8	2.325640e-02	1.995360e-03	8	false	GAMG	1.201600e-02	6.363250e-05	5	true
22            	smoothSolver	5.264170e-03	4.587860e-04	8	4.770310e-02	3.638480e-03	8	2.207100e-02	1.826620e-03	8	false	GAMG	1.181820e-02	1.137310e-04	4	true
23            	smoothSolver	4.854030e-03	4.076120e-04	8	4.554860e-02	4.435130e-03	7	2.078410e-02	1.687510e-03	8	false	GAMG	1.168410e-02	1.102500e-04	4	true
24            	smoothSolver	4.535490e-03	3.670710e-04	8	4.424600e-02	4.153190e-03	7	1.957090e-02	1.588630e-03	8	false	GAMG	1.139040e-02	9.879780e-05	4	true
25            	smoothSolver	4.183540e-03	3.257760e-04	8	4.142480e-02	3.775360e-03	7	1.839360e-02	1.510940e-03	8	false	GAMG	1.091950e-02	8.262220e-05	4	true
26            	smoothSolver	3.816070e-03	3.804640e-04	7	3.862530e-02	3.413230e-03	7	1.715490e-02	1.429700e-03	8	false	GAMG	1.049580e-02	7.213200e-05	4	true
27            	smoothSolver	3.460470e-03	3.449370e-04	7	3.493100e-02	3.063260e-03	7	1.598990e-02	1.330730e-03	8	false	GAMG	9.868850e-03	6.394630e-05	4	true
28            	smoothSolver	3.129970e-03	2.425210e-04	8	3.196070e-02	2.777310e-03	7	1.463170e-02	1.216050e-03	8	false	GAMG	9.390610e-03	6.010920e-05	4	true
29            	smoothSolver	2.818890e-03	2.257800e-04	8	2.893930e-02	2.497400e-03	7	1.341740e-02	1.089820e-03	8	false	GAMG	8.769140e-03	5.731250e-05	4	true
30            	smoothSolver	2.554700e-03	2.106650e-04	8	2.685410e-02	2.300050e-03	7	1.225400e-02	9.705330e-04	8	false	GAMG	8.346900e-03	5.933060e-05	4	true
31            	smoothSolver	2.365020e-03	1.998380e-04	8	2.471950e-02	2.133220e-03	7	1.134150e-02	1.122970e-03	7	false	GAMG	7.807680e-03	5.772980e-05	4	true
32            	smoothSolver	2.226670e-03	1.885690e-04	8	2.330640e-02	1.991200e-03	7	1.040440e-02	9.903560e-04	7	false	GAMG	7.425850e-03	5.689270e-05	4	true
33            	smoothSolver	2.102470e-03	1.803700e-04	8	2.173400e-02	1.853550e-03	7	9.712170e-03	8.814000e-04	7	false	GAMG	6.879200e-03	5.304940e-05	4	true
34            	smoothSolver	1.985160e-03	1.703520e-04	8	2.041780e-02	1.739520e-03	7	8.894520e-03	7.897150e-04	7	false	GAMG	6.546280e-03	5.032050e-05	4	true
35            	smoothSolver	1.873940e-03	1.619120e-04	8	1.891490e-02	1.635970e-03	7	8.246350e-03	7.146490e-04	7	false	GAMG	6.046140e-03	4.545390e-05	4	true
36            	smoothSolver	1.767820e-03	1.512890e-04	8	1.767110e-02	1.561750e-03	7	7.535460e-03	6.538060e-04	7	false	GAMG	5.744850e-03	4.161040e-05	4	true
37            	smoothSolver	1.668860e-03	1.436310e-04	8	1.628120e-02	1.479370e-03	7	6.975280e-03	6.014110e-04	7	false	GAMG	5.279770e-03	3.660040e-05	4	true
38            	smoothSolver	1.574980e-03	1.352070e-04	8	1.516200e-02	1.411990e-03	7	6.379830e-03	5.605850e-04	7	false	GAMG	5.013300e-03	3.212240e-05	4	true
39            	smoothSolver	1.485940e-03	1.290970e-04	8	1.401080e-02	1.336500e-03	7	5.960560e-03	5.274230e-04	7	false	GAMG	4.611500e-03	2.753980e-05	4	true
40            	smoothSolver	1.399050e-03	1.211970e-04	8	1.306200e-02	1.264060e-03	7	5.478040e-03	5.003820e-04	7	false	GAMG	4.389150e-03	2.366370e-05	4	true
41            	smoothSolver	1.324500e-03	1.154940e-04	8	1.204900e-02	1.186520e-03	7	5.159420e-03	4.765280e-04	7	false	GAMG	4.055580e-03	2.049470e-05	4	true
42            	smoothSolver	1.248780e-03	1.086460e-04	8	1.125870e-02	1.113980e-03	7	4.784430e-03	4.551240e-04	7	false	GAMG	3.866950e-03	1.765240e-05	4	true
43            	smoothSolver	1.177220e-03	1.045440e-04	8	1.043810e-02	1.037550e-03	7	4.546090e-03	4.299570e-04	7	false	GAMG	3.583060e-03	1.577190e-05	4	true
44            	smoothSolver	1.102860e-03	9.854630e-05	8	9.768110e-03	9.714000e-04	7	4.213550e-03	4.046210e-04	7	false	GAMG	3.427430e-03	1.462230e-05	4	true
45            	smoothSolver	1.043970e-03	9.430960e-05	8	9.093630e-03	9.040220e-04	7	4.004750e-03	3.788450e-04	7	false	GAMG	3.187980e-03	1.424840e-05	4	true
46            	smoothSolver	9.774010e-04	8.782380e-05	8	8.557900e-03	8.471410e-04	7	3.702160e-03	3.512500e-04	7	false	GAMG	3.052200e-03	1.413030e-05	4	true
47            	smoothSolver	9.258570e-04	8.314310e-05	8	8.011770e-03	7.882130e-04	7	3.516870e-03	3.255130e-04	7	false	GAMG	2.843340e-03	1.344050e-05	4	true
48            	smoothSolver	8.627860e-04	7.712790e-05	8	7.565110e-03	7.426160e-04	7	3.254870e-03	3.016840e-04	7	false	GAMG	2.731340e-03	1.301890e-05	4	true
49            	smoothSolver	8.172910e-04	7.295370e-05	8	7.124320e-03	6.926710e-04	7	3.102220e-03	2.800350e-04	7	false	GAMG	2.551800e-03	1.175520e-05	4	true
50            	smoothSolver	7.639400e-04	6.777540e-05	8	6.763260e-03	6.572050e-04	7	2.882570e-03	2.626050e-04	7	false	GAMG	2.456040e-03	1.125640e-05	4	true
51            	smoothSolver	7.297640e-04	6.442880e-05	8	6.386280e-03	6.194170e-04	7	2.757600e-03	2.473600e-04	7	false	GAMG	2.296260e-03	9.783250e-06	4	true
52            	smoothSolver	6.812080e-04	6.005340e-05	8	6.078060e-03	5.997540e-04	7	2.560030e-03	2.344280e-04	7	false	GAMG	2.212160e-03	9.464590e-06	4	true
53            	smoothSolver	6.507940e-04	5.731920e-05	8	5.747950e-03	5.690550e-04	7	2.449750e-03	2.210870e-04	7	false	GAMG	2.068570e-03	8.059760e-06	4	true
54            	smoothSolver	6.089800e-04	5.360540e-05	8	5.481290e-03	4.212710e-04	8	2.282390e-03	2.092690e-04	7	false	GAMG	1.977810e-03	8.072250e-06	4	true
55            	smoothSolver	5.811770e-04	5.069790e-05	8	5.210030e-03	5.180590e-04	7	2.180350e-03	1.960740e-04	7	false	GAMG	1.869150e-03	6.821930e-06	4	true
56            	smoothSolver	5.434400e-04	4.735350e-05	8	4.911740e-03	4.885240e-04	7	2.057210e-03	1.867430e-04	7	false	GAMG	1.813380e-03	7.071300e-06	4	true
57            	smoothSolver	5.224200e-04	4.487480e-05	8	4.656790e-03	4.606640e-04	7	1.970440e-03	1.759830e-04	7	false	GAMG	1.701750e-03	1.692700e-05	3	true
58            	smoothSolver	4.845280e-04	4.108720e-05	8	4.437850e-03	4.388070e-04	7	1.838320e-03	1.642990e-04	7	false	GAMG	1.645550e-03	6.439690e-06	4	true
59            	smoothSolver	4.647800e-04	3.881740e-05	8	4.210510e-03	4.156150e-04	7	1.776400e-03	1.566760e-04	7	false	GAMG	1.541900e-03	1.514320e-05	3	true
60            	smoothSolver	4.307300e-04	3.589470e-05	8	4.016910e-03	3.943030e-04	7	1.662430e-03	1.463510e-04	7	false	GAMG	1.494810e-03	5.834740e-06	4	true
61            	smoothSolver	4.180910e-04	3.423990e-05	8	3.814460e-03	3.753890e-04	7	1.611420e-03	1.390840e-04	7	false	GAMG	1.402150e-03	1.370980e-05	3	true
62            	smoothSolver	3.873990e-04	3.135890e-05	8	3.627500e-03	3.563420e-04	7	1.512850e-03	1.299730e-04	7	false	GAMG	1.361680e-03	5.231660e-06	4	true
63            	smoothSolver	3.735730e-04	2.957800e-05	8	3.450990e-03	3.395130e-04	7	1.466980e-03	1.243910e-04	7	false	GAMG	1.276280e-03	1.233330e-05	3	true
64            	smoothSolver	3.456540e-04	2.699770e-05	8	3.287710e-03	3.224500e-04	7	1.375790e-03	1.168140e-04	7	false	GAMG	1.242500e-03	4.639820e-06	4	true
65            	smoothSolver	3.351530e-04	2.563410e-05	8	3.127690e-03	3.071770e-04	7	1.334550e-03	1.118500e-04	7	false	GAMG	1.166410e-03	1.112300e-05	3	true
66            	smoothSolver	3.098780e-04	2.332220e-05	8	2.973600e-03	2.902540e-04	7	1.252450e-03	1.057320e-04	7	false	GAMG	1.135760e-03	4.141520e-06	4	true
67            	smoothSolver	3.009850e-04	2.985190e-05	7	2.831300e-03	2.762740e-04	7	1.216510e-03	1.010460e-04	7	false	GAMG	1.069050e-03	1.009790e-05	3	true
68            	smoothSolver	2.751110e-04	2.672830e-05	7	2.707210e-03	2.643500e-04	7	1.145440e-03	9.613870e-05	7	false	GAMG	1.041110e-03	1.032950e-05	3	true
69            	smoothSolver	2.648960e-04	2.560320e-05	7	2.568280e-03	2.506290e-04	7	1.106640e-03	9.114320e-05	7	false	GAMG	9.765340e-04	9.289690e-06	3	true
70            	smoothSolver	2.451930e-04	2.358100e-05	7	2.452780e-03	2.402150e-04	7	1.043120e-03	8.699220e-05	7	false	GAMG	9.511070e-04	9.421150e-06	3	true
71            	smoothSolver	2.404070e-04	2.301850e-05	7	2.333210e-03	2.285760e-04	7	1.007910e-03	8.271250e-05	7	false	GAMG	8.908830e-04	8.310770e-06	3	true
72            	smoothSolver	2.205660e-04	2.092160e-05	7	2.223840e-03	2.177400e-04	7	9.487410e-04	7.853940e-05	7	false	GAMG	8.690370e-04	8.347790e-06	3	true
73            	smoothSolver	2.149040e-04	2.015300e-05	7	2.121690e-03	2.065650e-04	7	9.181710e-04	7.459650e-05	7	false	GAMG	8.117630e-04	7.302410e-06	3	true
74            	smoothSolver	1.970170e-04	1.832410e-05	7	2.018920e-03	1.959760e-04	7	8.621110e-04	7.043430e-05	7	false	GAMG	7.931870e-04	7.300700e-06	3	true
75            	smoothSolver	1.948970e-04	1.799340e-05	7	1.933820e-03	1.861720e-04	7	8.361980e-04	6.732710e-05	7	false	GAMG	7.412650e-04	6.458170e-06	3	true
76            	smoothSolver	1.778900e-04	1.634020e-05	7	1.834580e-03	1.754320e-04	7	7.841250e-04	6.319500e-05	7	false	GAMG	7.254800e-04	6.619610e-06	3	true
77            	smoothSolver	1.770410e-04	1.611550e-05	7	1.759080e-03	1.678770e-04	7	7.627180e-04	6.071860e-05	7	false	GAMG	6.747980e-04	5.846380e-06	3	true
78            	smoothSolver	1.613170e-04	1.459840e-05	7	1.661990e-03	1.579300e-04	7	7.117490e-04	5.698560e-05	7	false	GAMG	6.624900e-04	5.942590e-06	3	true
79            	smoothSolver	1.604950e-04	1.444170e-05	7	1.599340e-03	1.519940e-04	7	6.939740e-04	5.518660e-05	7	false	GAMG	6.148250e-04	5.389320e-06	3	true
80            	smoothSolver	1.460830e-04	1.310770e-05	7	1.507680e-03	1.430700e-04	7	6.457220e-04	5.159340e-05	7	false	GAMG	6.050210e-04	5.541900e-06	3	true
81            	smoothSolver	1.483950e-04	1.335290e-05	7	1.455640e-03	1.382220e-04	7	6.308780e-04	5.026110e-05	7	false	GAMG	5.603340e-04	4.915740e-06	3	true
82            	smoothSolver	1.342460e-04	1.192620e-05	7	1.373810e-03	1.295840e-04	7	5.867390e-04	4.687210e-05	7	false	GAMG	5.529860e-04	4.985660e-06	3	true
83            	smoothSolver	1.347080e-04	1.194330e-05	7	1.324550e-03	1.251700e-04	7	5.737980e-04	4.571550e-05	7	false	GAMG	5.093020e-04	4.481560e-06	3	true
84            	smoothSolver	1.216110e-04	1.066370e-05	7	1.244710e-03	1.166480e-04	7	5.304200e-04	4.235710e-05	7	false	GAMG	5.046370e-04	4.516030e-06	3	true
85            	smoothSolver	1.252220e-04	1.111150e-05	7	1.202820e-03	1.123780e-04	7	5.194230e-04	4.135030e-05	7	false	GAMG	4.646970e-04	4.056060e-06	3	true
86            	smoothSolver	1.123640e-04	9.840110e-06	7	1.130880e-03	1.041130e-04	7	4.808830e-04	3.820740e-05	7	false	GAMG	4.612450e-04	4.132370e-06	3	true
87            	smoothSolver	1.155070e-04	1.020360e-05	7	1.088320e-03	1.000090e-04	7	4.698690e-04	3.735190e-05	7	false	GAMG	4.212730e-04	3.684710e-06	3	true
88            	smoothSolver	1.028270e-04	8.962550e-06	7	1.024190e-03	9.333790e-05	7	4.336850e-04	3.436230e-05	7	false	GAMG	4.203960e-04	3.711620e-06	3	true
89            	smoothSolver	1.063880e-04	9.385980e-06	7	9.864370e-04	9.033560e-05	7	4.245730e-04	3.367730e-05	7	false	GAMG	3.830830e-04	3.410330e-06	3	true
90            	smoothSolver	9.442590e-05	8.168380e-06	7	9.267470e-04	8.437540e-05	7	3.913980e-04	3.075400e-05	7	false	GAMG	3.825310e-04	3.494060e-06	3	true
91            	smoothSolver	9.999230e-05	8.845920e-06	7	8.940220e-04	8.173720e-05	7	3.836310e-04	2.995250e-05	7	false	GAMG	3.468370e-04	3.114700e-06	3	true
92            	smoothSolver	8.797460e-05	7.558920e-06	7	8.445830e-04	7.706150e-05	7	3.550830e-04	2.755010e-05	7	false	GAMG	3.486520e-04	3.129580e-06	3	true
93            	smoothSolver	9.187330e-05	8.036740e-06	7	8.123120e-04	7.345470e-05	7	3.487880e-04	3.480170e-05	6	false	GAMG	3.175210e-04	2.915900e-06	3	true
94            	smoothSolver	8.127180e-05	6.925350e-06	7	7.697740e-04	7.018750e-05	7	3.178870e-04	3.095870e-05	6	false	GAMG	3.194710e-04	2.917360e-06	3	true
95            	smoothSolver	8.781950e-05	7.698920e-06	7	7.442160e-04	6.715590e-05	7	3.139510e-04	3.049620e-05	6	false	GAMG	2.878370e-04	2.580460e-06	3	true
96            	smoothSolver	7.676440e-05	6.468040e-06	7	7.012210e-04	6.294660e-05	7	2.903120e-04	2.822710e-05	6	false	GAMG	2.917810e-04	2.610340e-06	3	true
97            	smoothSolver	8.180650e-05	7.072620e-06	7	6.725530e-04	5.943920e-05	7	2.860920e-04	2.783360e-05	6	false	GAMG	2.599980e-04	2.306160e-06	3	true
98            	smoothSolver	7.136260e-05	5.957390e-06	7	6.337910e-04	5.615340e-05	7	2.626950e-04	2.551350e-05	6	false	GAMG	2.660190e-04	2.308140e-06	3	true
99            	smoothSolver	7.742330e-05	6.690430e-06	7	6.117890e-04	5.359750e-05	7	2.599460e-04	2.535650e-05	6	false	GAMG	2.376190e-04	2.095000e-06	3	true
100           	smoothSolver	6.727830e-05	5.620050e-06	7	5.759420e-04	5.043990e-05	7	2.387540e-04	2.300080e-05	6	false	GAMG	2.443030e-04	2.139060e-06	3	true
101           	smoothSolver	7.406180e-05	6.426440e-06	7	5.567570e-04	4.849140e-05	7	2.361270e-04	2.289980e-05	6	false	GAMG	2.167230e-04	1.920470e-06	3	true
102           	smoothSolver	6.387520e-05	5.341770e-06	7	5.254490e-04	4.566510e-05	7	2.170090e-04	2.065170e-05	6	false	GAMG	2.262400e-04	1.938820e-06	3	true
103           	smoothSolver	6.940950e-05	5.974880e-06	7	5.088310e-04	4.369340e-05	7	2.161630e-04	2.070480e-05	6	false	GAMG	1.996150e-04	1.808820e-06	3	true
104           	smoothSolver	5.970000e-05	4.964790e-06	7	4.761690e-04	4.034310e-05	7	1.972220e-04	1.846500e-05	6	false	GAMG	2.089590e-04	1.844790e-06	3	true
105           	smoothSolver	6.745540e-05	5.843220e-06	7	4.672300e-04	3.901040e-05	7	1.975710e-04	1.866250e-05	6	false	GAMG	1.844260e-04	1.707930e-06	3	true
106           	smoothSolver	5.761370e-05	4.786830e-06	7	4.388630e-04	3.611870e-05	7	1.818370e-04	1.669270e-05	6	false	GAMG	1.954200e-04	1.729350e-06	3	true
107           	smoothSolver	6.366700e-05	5.451890e-06	7	4.295580e-04	3.487080e-05	7	1.828500e-04	1.703770e-05	6	false	GAMG	1.696590e-04	1.607900e-06	3	true
108           	smoothSolver	5.417900e-05	4.465150e-06	7	4.002960e-04	3.214920e-05	7	1.662660e-04	1.506530e-05	6	false	GAMG	1.813240e-04	1.600340e-06	3	true
109           	smoothSolver	6.159540e-05	5.270060e-06	7	3.983700e-04	3.196680e-05	7	1.687030e-04	1.560150e-05	6	false	GAMG	1.580300e-04	1.500380e-06	3	true
110           	smoothSolver	5.215280e-05	4.267410e-06	7	3.709070e-04	2.950440e-05	7	1.538040e-04	1.377050e-05	6	false	GAMG	1.702610e-04	1.497990e-06	3	true
111           	smoothSolver	5.944190e-05	5.046470e-06	7	3.701560e-04	2.958540e-05	7	1.565750e-04	1.430140e-05	6	false	GAMG	1.464050e-04	1.367420e-06	3	true
112           	smoothSolver	5.001490e-05	4.067640e-06	7	3.441070e-04	2.748260e-05	7	1.419160e-04	1.249650e-05	6	false	GAMG	1.606600e-04	1.333530e-06	3	true
113           	smoothSolver	5.681660e-05	4.774250e-06	7	3.459380e-04	2.764340e-05	7	1.458840e-04	1.311870e-05	6	false	GAMG	1.379160e-04	1.233290e-06	3	true
114           	smoothSolver	4.766510e-05	3.847390e-06	7	3.177350e-04	2.501120e-05	7	1.313160e-04	1.135800e-05	6	false	GAMG	1.515820e-04	1.226580e-06	3	true
115           	smoothSolver	5.602790e-05	4.720520e-06	7	3.236710e-04	2.549490e-05	7	1.361190e-04	1.204420e-05	6	false	GAMG	1.296430e-04	1.125740e-06	3	true
116           	smoothSolver	4.666340e-05	3.738740e-06	7	2.988100e-04	2.314710e-05	7	1.232950e-04	1.048290e-05	6	false	GAMG	1.448980e-04	1.128550e-06	3	true
117           	smoothSolver	5.348180e-05	4.429540e-06	7	3.033610e-04	2.349720e-05	7	1.284610e-04	1.115420e-05	6	false	GAMG	1.221010e-04	1.045210e-06	3	true
118           	smoothSolver	4.435630e-05	3.525790e-06	7	2.762910e-04	2.756840e-05	6	1.145840e-04	9.566350e-06	6	false	GAMG	1.375220e-04	1.079570e-06	3	true
119           	smoothSolver	5.287840e-05	4.397560e-06	7	2.868700e-04	2.163560e-05	7	1.209410e-04	1.046900e-05	6	false	GAMG	1.159800e-04	1.002420e-06	3	true
120           	smoothSolver	4.357940e-05	3.445290e-06	7	2.617690e-04	2.583110e-05	6	1.086530e-04	8.959240e-06	6	false	GAMG	1.316020e-04	1.056840e-06	3	true
121           	smoothSolver	5.134370e-05	4.232130e-06	7	2.709540e-04	2.708720e-05	6	1.145860e-04	9.760270e-06	6	false	GAMG	1.097990e-04	9.754890e-07	3	true
122           	smoothSolver	4.230790e-05	3.336830e-06	7	2.490010e-04	2.410890e-05	6	1.025300e-04	8.389620e-06	6	false	GAMG	1.260310e-04	9.967150e-07	3	true
123           	smoothSolver	5.003200e-05	4.122680e-06	7	2.579960e-04	2.540230e-05	6	1.086370e-04	9.066770e-06	6	false	GAMG	1.054090e-04	9.273340e-07	3	true
124           	smoothSolver	4.112420e-05	3.236160e-06	7	2.355640e-04	2.224140e-05	6	9.722500e-05	7.750410e-06	6	false	GAMG	1.210390e-04	9.631860e-07	3	true
125           	smoothSolver	4.968480e-05	4.119500e-06	7	2.458040e-04	2.394790e-05	6	1.034770e-04	8.511240e-06	6	false	GAMG	1.004400e-04	8.744240e-07	3	true
126           	smoothSolver	4.062790e-05	3.194930e-06	7	2.265280e-04	2.112800e-05	6	9.306010e-05	7.297620e-06	6	false	GAMG	1.176270e-04	9.036980e-07	3	true
127           	smoothSolver	4.802830e-05	3.929270e-06	7	2.357880e-04	2.253050e-05	6	9.956250e-05	8.049010e-06	6	false	GAMG	9.676260e-05	8.242040e-07	3	true
128           	smoothSolver	3.914670e-05	3.067080e-06	7	2.142350e-04	1.942670e-05	6	8.826740e-05	6.744920e-06	6	false	GAMG	1.131270e-04	8.590790e-07	3	true
129           	smoothSolver	4.801860e-05	3.972290e-06	7	2.268500e-04	2.138380e-05	6	9.527950e-05	7.605700e-06	6	false	GAMG	9.348460e-05	7.951760e-07	3	true
130           	smoothSolver	3.899890e-05	3.060710e-06	7	2.084300e-04	1.870050e-05	6	8.548050e-05	6.459960e-06	6	false	GAMG	1.108010e-04	8.399860e-07	3	true
131           	smoothSolver	4.679360e-05	3.829760e-06	7	2.187630e-04	2.034910e-05	6	9.225500e-05	7.263810e-06	6	false	GAMG	9.013370e-05	7.730230e-07	3	true
132           	smoothSolver	3.783900e-05	2.956530e-06	7	1.994180e-04	1.764510e-05	6	8.156570e-05	6.051380e-06	6	false	GAMG	1.077200e-04	8.045200e-07	3	true
133           	smoothSolver	4.625390e-05	3.792130e-06	7	2.121670e-04	1.949640e-05	6	8.899640e-05	6.908190e-06	6	false	GAMG	8.831630e-05	7.541030e-07	3	true
134           	smoothSolver	3.735200e-05	2.910370e-06	7	1.933300e-04	1.682530e-05	6	7.918390e-05	5.765940e-06	6	false	GAMG	1.054770e-04	7.871350e-07	3	true
135           	smoothSolver	4.594820e-05	3.773510e-06	7	2.057460e-04	1.879140e-05	6	8.641910e-05	6.597480e-06	6	false	GAMG	8.538980e-05	7.260390e-07	3	true
136           	smoothSolver	3.696660e-05	2.881690e-06	7	1.886680e-04	1.636900e-05	6	7.695010e-05	5.529080e-06	6	false	GAMG	1.036160e-04	7.479890e-07	3	true
137           	smoothSolver	4.488510e-05	3.652640e-06	7	2.008890e-04	1.814260e-05	6	8.446660e-05	6.380050e-06	6	false	GAMG	8.371960e-05	6.974200e-07	3	true
138           	smoothSolver	3.605050e-05	2.797580e-06	7	1.819520e-04	1.543270e-05	6	7.446540e-05	7.383790e-06	5	false	GAMG	1.014610e-04	7.308770e-07	3	true
139           	smoothSolver	4.516950e-05	3.705490e-06	7	1.965000e-04	1.769660e-05	6	8.292190e-05	6.406690e-06	6	false	GAMG	8.157130e-05	6.799550e-07	3	true
140           	smoothSolver	3.620610e-05	2.814270e-06	7	1.797880e-04	1.522870e-05	6	7.328470e-05	5.210440e-06	6	false	GAMG	9.973410e-05	7.054130e-07	3	true
141           	smoothSolver	4.411830e-05	3.587660e-06	7	1.917130e-04	1.707060e-05	6	8.072480e-05	5.993280e-06	6	false	GAMG	7.966400e-05	6.609900e-07	3	true
142           	smoothSolver	3.522310e-05	2.730810e-06	7	1.731830e-04	1.441770e-05	6	7.063800e-05	6.900690e-06	5	false	GAMG	9.787280e-05	6.942520e-07	3	true
143           	smoothSolver	4.413120e-05	3.607540e-06	7	1.880400e-04	1.672450e-05	6	7.949900e-05	6.090700e-06	6	false	GAMG	7.843990e-05	6.537190e-07	3	true
144           	smoothSolver	3.520950e-05	2.730540e-06	7	1.706180e-04	1.411090e-05	6	6.957440e-05	6.849900e-06	5	false	GAMG	9.650550e-05	6.930290e-07	3	true
145           	smoothSolver	4.373270e-05	3.566650e-06	7	1.838250e-04	1.627960e-05	6	7.788790e-05	5.948140e-06	6	false	GAMG	7.645780e-05	6.417930e-07	3	true
146           	smoothSolver	3.477760e-05	2.695260e-06	7	1.668840e-04	1.374870e-05	6	6.780770e-05	6.658760e-06	5	false	GAMG	9.514110e-05	6.745260e-07	3	true
147           	smoothSolver	4.310850e-05	3.506320e-06	7	1.807990e-04	1.592130e-05	6	7.670440e-05	5.828150e-06	6	false	GAMG	7.569160e-05	6.310680e-07	3	true
148           	smoothSolver	3.424050e-05	2.649370e-06	7	1.626440e-04	1.315620e-05	6	6.637370e-05	6.481710e-06	5	false	GAMG	9.351820e-05	6.685030e-07	3	true
149           	smoothSolver	4.331770e-05	3.547960e-06	7	1.776790e-04	1.564390e-05	6	7.521960e-05	5.718840e-06	6	false	GAMG	7.418570e-05	6.207930e-07	3	true
150           	smoothSolver	3.432930e-05	2.663190e-06	7	1.614180e-04	1.312650e-05	6	6.561080e-05	6.453280e-06	5	false	GAMG	9.295430e-05	6.612010e-07	3	true
151           	smoothSolver	4.248470e-05	3.451940e-06	7	1.752210e-04	1.537330e-05	6	7.457570e-05	5.670190e-06	6	false	GAMG	7.309380e-05	6.099890e-07	3	true
152           	smoothSolver	3.358810e-05	2.602150e-06	7	1.570580e-04	1.259230e-05	6	6.402320e-05	6.244720e-06	5	false	GAMG	9.128920e-05	6.493580e-07	3	true
153           	smoothSolver	4.266520e-05	3.498520e-06	7	1.728380e-04	1.515130e-05	6	7.317380e-05	5.572600e-06	6	false	GAMG	7.224830e-05	6.057740e-07	3	true
154           	smoothSolver	3.371900e-05	2.621660e-06	7	1.561750e-04	1.251880e-05	6	6.357090e-05	6.227450e-06	5	false	GAMG	9.075580e-05	6.520170e-07	3	true
155           	smoothSolver	4.220960e-05	3.448600e-06	7	1.705520e-04	1.494560e-05	6	7.255190e-05	5.531390e-06	6	false	GAMG	7.091250e-05	5.984230e-07	3	true
156           	smoothSolver	3.325980e-05	2.586820e-06	7	1.534100e-04	1.225070e-05	6	6.233460e-05	6.084760e-06	5	false	GAMG	8.972520e-05	6.388710e-07	3	true
157           	smoothSolver	4.191790e-05	3.429660e-06	7	1.687930e-04	1.474250e-05	6	7.163180e-05	5.466150e-06	6	false	GAMG	7.056300e-05	5.937870e-07	3	true
158           	smoothSolver	3.303540e-05	2.570750e-06	7	1.513450e-04	1.195710e-05	6	6.163370e-05	5.997920e-06	5	false	GAMG	8.886300e-05	6.381080e-07	3	true
159           	smoothSolver	4.200530e-05	3.452770e-06	7	1.668290e-04	1.459470e-05	6	7.075060e-05	5.402490e-06	6	false	GAMG	6.942450e-05	5.877880e-07	3	true
160           	smoothSolver	3.304470e-05	2.579550e-06	7	1.507410e-04	1.197940e-05	6	6.107880e-05	5.968830e-06	5	false	GAMG	8.849700e-05	6.303370e-07	3	true
161           	smoothSolver	4.137120e-05	3.381680e-06	7	1.654890e-04	1.442910e-05	6	7.035230e-05	5.382370e-06	6	false	GAMG	6.893000e-05	5.816080e-07	3	true
162           	smoothSolver	3.250730e-05	2.534830e-06	7	1.478490e-04	1.160150e-05	6	6.006090e-05	5.835560e-06	5	false	GAMG	8.733050e-05	6.225910e-07	3	true
163           	smoothSolver	4.161920e-05	3.430940e-06	7	1.639430e-04	1.430930e-05	6	6.936160e-05	5.319230e-06	6	false	GAMG	6.826790e-05	5.790330e-07	3	true
164           	smoothSolver	3.269630e-05	2.559270e-06	7	1.480240e-04	1.169450e-05	6	5.990040e-05	5.854800e-06	5	false	GAMG	8.715840e-05	6.236410e-07	3	true
165           	smoothSolver	4.111720e-05	3.372120e-06	7	1.625890e-04	1.421340e-05	6	6.909810e-05	5.309420e-06	6	false	GAMG	6.743790e-05	5.736190e-07	3	true
166           	smoothSolver	3.223320e-05	2.523370e-06	7	1.456810e-04	1.149400e-05	6	5.893660e-05	5.740780e-06	5	false	GAMG	8.623380e-05	6.133000e-07	3	true
167           	smoothSolver	4.106130e-05	3.382160e-06	7	1.614150e-04	1.411160e-05	6	6.834920e-05	5.264600e-06	6	false	GAMG	6.721570e-05	5.722920e-07	3	true
168           	smoothSolver	3.220820e-05	2.526180e-06	7	1.449160e-04	1.142500e-05	6	5.864670e-05	5.720190e-06	5	false	GAMG	8.576460e-05	6.167330e-07	3	true
169           	smoothSolver	4.100200e-05	3.381600e-06	7	1.600630e-04	1.403160e-05	6	6.784620e-05	5.233330e-06	6	false	GAMG	6.631950e-05	5.692210e-07	3	true
170           	smoothSolver	3.210690e-05	2.523690e-06	7	1.441960e-04	1.144370e-05	6	5.810420e-05	5.688220e-06	5	false	GAMG	8.537470e-05	6.111620e-07	3	true
171           	smoothSolver	4.056790e-05	3.336390e-06	7	1.591680e-04	1.393500e-05	6	6.749360e-05	5.219130e-06	6	false	GAMG	6.613200e-05	5.671970e-07	3	true
172           	smoothSolver	3.175720e-05	2.495760e-06	7	1.422350e-04	1.120970e-05	6	5.744650e-05	5.610500e-06	5	false	GAMG	8.453860e-05	6.094220e-07	3	true
173           	smoothSolver	4.079330e-05	3.378100e-06	7	1.580080e-04	1.385540e-05	6	6.675690e-05	5.175370e-06	6	false	GAMG	6.551080e-05	5.662180e-07	3	true
174           	smoothSolver	3.191830e-05	2.517160e-06	7	1.425570e-04	1.132680e-05	6	5.730900e-05	5.639240e-06	5	false	GAMG	8.446290e-05	6.105630e-07	3	true
175           	smoothSolver	4.031130e-05	3.322070e-06	7	1.571520e-04	1.378260e-05	6	6.662230e-05	5.177230e-06	6	false	GAMG	6.501950e-05	5.633680e-07	3	true
176           	smoothSolver	3.148830e-05	2.483250e-06	7	1.405110e-04	1.111910e-05	6	5.651520e-05	5.549710e-06	5	false	GAMG	8.363120e-05	6.035250e-07	3	true
177           	smoothSolver	4.040660e-05	3.350040e-06	7	1.563180e-04	1.371090e-05	6	6.595580e-05	5.140830e-06	6	false	GAMG	6.477340e-05	5.632220e-07	3	true
178           	smoothSolver	3.157290e-05	2.496580e-06	7	1.404520e-04	1.114450e-05	6	5.640390e-05	5.567510e-06	5	false	GAMG	8.341200e-05	6.073280e-07	3	true
179           	smoothSolver	4.022650e-05	3.333100e-06	7	1.553890e-04	1.366870e-05	6	6.569260e-05	5.131210e-06	6	false	GAMG	6.405540e-05	5.607530e-07	3	true
180           	smoothSolver	3.137240e-05	2.484670e-06	7	1.394700e-04	1.111760e-05	6	5.584560e-05	5.526940e-06	5	false	GAMG	8.295740e-05	6.013510e-07	3	true
181           	smoothSolver	3.998010e-05	3.313730e-06	7	1.547860e-04	1.361120e-05	6	6.533190e-05	5.118550e-06	6	false	GAMG	6.395530e-05	5.600610e-07	3	true
182           	smoothSolver	3.118080e-05	2.470890e-06	7	1.382880e-04	1.097860e-05	6	5.545290e-05	5.489690e-06	5	false	GAMG	8.240810e-05	6.021380e-07	3	true
183           	smoothSolver	4.012300e-05	3.341970e-06	7	1.539140e-04	1.357430e-05	6	6.482700e-05	5.092780e-06	6	false	GAMG	6.335080e-05	5.592310e-07	3	true
184           	smoothSolver	3.126380e-05	2.484950e-06	7	1.384310e-04	1.108150e-05	6	5.528160e-05	5.510810e-06	5	false	GAMG	8.233000e-05	6.017100e-07	3	true
185           	smoothSolver	3.970810e-05	3.295250e-06	7	1.533440e-04	1.353700e-05	6	6.473150e-05	5.098440e-06	6	false	GAMG	6.307200e-05	5.575780e-07	3	true
186           	smoothSolver	3.090340e-05	2.455620e-06	7	1.367120e-04	1.089710e-05	6	5.466410e-05	5.441020e-06	5	false	GAMG	8.163750e-05	5.974200e-07	3	true
187           	smoothSolver	3.986990e-05	3.329100e-06	7	1.526700e-04	1.349880e-05	6	6.417310e-05	5.072420e-06	6	false	GAMG	6.277580e-05	5.578110e-07	3	true
188           	smoothSolver	3.103230e-05	2.472720e-06	7	1.369770e-04	1.097080e-05	6	5.464100e-05	3.828110e-06	6	false	GAMG	8.173460e-05	5.968140e-07	3	true
189           	smoothSolver	3.964220e-05	3.307430e-06	7	1.527870e-04	1.353150e-05	6	6.302200e-05	4.764350e-06	6	false	GAMG	6.237580e-05	5.532440e-07	3	true
190           	smoothSolver	3.074960e-05	2.453310e-06	7	1.359510e-04	1.089580e-05	6	5.397220e-05	5.288740e-06	5	false	GAMG	8.126390e-05	5.979220e-07	3	true
191           	smoothSolver	3.955380e-05	3.300950e-06	7	1.517030e-04	1.348440e-05	6	6.384770e-05	5.064460e-06	6	false	GAMG	6.212010e-05	5.545830e-07	3	true
192           	smoothSolver	3.073980e-05	2.455990e-06	7	1.355050e-04	1.087270e-05	6	5.396660e-05	3.773940e-06	6	false	GAMG	8.097290e-05	5.948350e-07	3	true
193           	smoothSolver	3.957400e-05	3.319380e-06	7	1.515490e-04	1.346930e-05	6	6.238070e-05	4.738600e-06	6	false	GAMG	6.170100e-05	5.516490e-07	3	true
194           	smoothSolver	3.070100e-05	2.460150e-06	7	1.353830e-04	1.092110e-05	6	5.351340e-05	5.265010e-06	5	false	GAMG	8.083390e-05	5.988070e-07	3	true
195           	smoothSolver	3.928170e-05	3.281990e-06	7	1.505960e-04	1.344810e-05	6	6.337280e-05	5.048670e-06	6	false	GAMG	6.143330e-05	5.533530e-07	3	true
196           	smoothSolver	3.048180e-05	2.441850e-06	7	1.341770e-04	1.079970e-05	6	5.322190e-05	3.722560e-06	6	false	GAMG	8.026530e-05	5.908810e-07	3	true
197           	smoothSolver	3.941430e-05	3.317480e-06	7	1.504790e-04	1.341820e-05	6	6.180070e-05	4.718730e-06	6	false	GAMG	6.123120e-05	5.522600e-07	3	true
198           	smoothSolver	3.056010e-05	2.455740e-06	7	1.344230e-04	1.086660e-05	6	5.300980e-05	5.235180e-06	5	false	GAMG	8.026760e-05	5.983130e-07	3	true
199           	smoothSolver	3.916010e-05	3.280830e-06	7	1.495460e-04	1.341080e-05	6	6.283450e-05	5.024500e-06	6	false	GAMG	6.077260e-05	5.536960e-07	3	true
200           	smoothSolver	3.033820e-05	2.438500e-06	7	1.333790e-04	1.080050e-05	6	5.266210e-05	3.701420e-06	6	false	GAMG	7.971360e-05	5.882060e-07	3	true
201           	smoothSolver	3.914620e-05	3.298010e-06	7	1.495510e-04	1.336680e-05	6	6.135830e-05	4.705440e-06	6	false	GAMG	6.080290e-05	5.522610e-07	3	true
202           	smoothSolver	3.031450e-05	2.441460e-06	7	1.331240e-04	1.077000e-05	6	5.242390e-05	5.197530e-06	5	false	GAMG	7.958080e-05	5.966620e-07	3	true
203           	smoothSolver	3.912290e-05	3.290910e-06	7	1.485910e-04	1.336490e-05	6	6.223490e-05	4.997540e-06	6	false	GAMG	6.023250e-05	5.536500e-07	3	true
204           	smoothSolver	3.027600e-05	2.441220e-06	7	1.329080e-04	1.082900e-05	6	5.227890e-05	3.702010e-06	6	false	GAMG	7.928000e-05	5.884300e-07	3	true
205           	smoothSolver	3.887930e-05	3.274880e-06	7	1.486760e-04	1.332150e-05	6	6.098170e-05	4.695550e-06	6	false	GAMG	6.029850e-05	5.512140e-07	3	true
206           	smoothSolver	3.005660e-05	2.425050e-06	7	1.318860e-04	1.069110e-05	6	5.183600e-05	5.159260e-06	5	false	GAMG	7.894220e-05	5.944080e-07	3	true
207           	smoothSolver	3.903040e-05	3.293220e-06	7	1.477750e-04	1.331830e-05	6	6.170020e-05	4.980250e-06	6	false	GAMG	5.982730e-05	5.534790e-07	3	true
208           	smoothSolver	3.018130e-05	2.439580e-06	7	1.322960e-04	1.081690e-05	6	5.193060e-05	3.702370e-06	6	false	GAMG	7.884910e-05	5.900240e-07	3	true
209           	smoothSolver	3.872250e-05	3.266410e-06	7	1.478360e-04	1.329170e-05	6	6.060400e-05	4.689160e-06	6	false	GAMG	5.971470e-05	5.502700e-07	3	true
210           	smoothSolver	2.988730e-05	2.417590e-06	7	1.310490e-04	1.066870e-05	6	5.136490e-05	3.588190e-06	6	false	GAMG	7.842310e-05	5.890910e-07	3	true
211           	smoothSolver	3.881240e-05	3.284890e-06	7	1.472240e-04	1.327420e-05	6	6.000150e-05	4.631660e-06	6	false	GAMG	5.948070e-05	5.506410e-07	3	true
212           	smoothSolver	2.996040e-05	2.427400e-06	7	1.311350e-04	1.071200e-05	6	5.128530e-05	3.575870e-06	6	false	GAMG	7.835020e-05	5.924070e-07	3	true
213           	smoothSolver	3.867270e-05	3.270680e-06	7	1.467580e-04	1.325290e-05	6	5.990660e-05	4.627860e-06	6	false	GAMG	5.907080e-05	5.493280e-07	3	true
214           	smoothSolver	2.983070e-05	2.420130e-06	7	1.305800e-04	1.069200e-05	6	5.092470e-05	3.549240e-06	6	false	GAMG	7.809600e-05	5.901680e-07	3	true
215           	smoothSolver	3.855780e-05	3.264350e-06	7	1.464120e-04	1.323280e-05	6	5.968730e-05	4.627710e-06	6	false	GAMG	5.902000e-05	5.494140e-07	3	true
216           	smoothSolver	2.975050e-05	2.415060e-06	7	1.300870e-04	1.063870e-05	6	5.072490e-05	3.533030e-06	6	false	GAMG	7.782320e-05	5.913390e-07	3	true
217           	smoothSolver	3.861520e-05	3.278500e-06	7	1.459320e-04	1.322690e-05	6	5.946190e-05	4.622280e-06	6	false	GAMG	5.865370e-05	5.498470e-07	3	true
218           	smoothSolver	2.978390e-05	2.422720e-06	7	1.301760e-04	1.069980e-05	6	5.060670e-05	3.537990e-06	6	false	GAMG	7.774100e-05	5.907300e-07	3	true
219           	smoothSolver	3.838650e-05	3.253790e-06	7	1.456530e-04	1.321660e-05	6	5.939490e-05	4.633240e-06	6	false	GAMG	5.853940e-05	5.501400e-07	3	true
220           	smoothSolver	2.958470e-05	2.407170e-06	7	1.292710e-04	1.060250e-05	6	5.025280e-05	3.513640e-06	6	false	GAMG	7.734250e-05	5.885820e-07	3	true
221           	smoothSolver	3.848010e-05	3.274270e-06	7	1.452510e-04	1.320430e-05	6	5.911000e-05	4.617380e-06	6	false	GAMG	5.834990e-05	5.513230e-07	3	true
222           	smoothSolver	2.966250e-05	2.418000e-06	7	1.294950e-04	1.066380e-05	6	5.025210e-05	3.531290e-06	6	false	GAMG	7.728830e-05	5.904760e-07	3	true
223           	smoothSolver	3.831720e-05	3.256410e-06	7	1.449170e-04	1.319480e-05	6	5.905750e-05	4.623930e-06	6	false	GAMG	5.808160e-05	5.511190e-07	3	true
224           	smoothSolver	2.950130e-05	2.406860e-06	7	1.288210e-04	1.061910e-05	6	4.993500e-05	3.514190e-06	6	false	GAMG	7.696770e-05	5.877050e-07	3	true
225           	smoothSolver	3.828230e-05	3.258950e-06	7	1.446290e-04	1.317270e-05	6	5.883190e-05	4.614790e-06	6	false	GAMG	5.803970e-05	5.518330e-07	3	true
226           	smoothSolver	2.947950e-05	2.407080e-06	7	1.286120e-04	1.060470e-05	6	4.985400e-05	3.517140e-06	6	false	GAMG	7.678550e-05	5.896620e-07	3	true
227           	smoothSolver	3.827840e-05	3.262240e-06	7	1.442410e-04	1.316060e-05	6	5.868150e-05	4.608970e-06	6	false	GAMG	5.772030e-05	5.518230e-07	3	true
228           	smoothSolver	2.945320e-05	2.408330e-06	7	1.285050e-04	1.063920e-05	6	4.971200e-05	3.518430e-06	6	false	GAMG	7.665840e-05	5.890040e-07	3	true
229           	smoothSolver	3.810640e-05	3.244360e-06	7	1.440340e-04	1.314340e-05	6	5.858600e-05	4.614340e-06	6	false	GAMG	5.766580e-05	5.517500e-07	3	true
230           	smoothSolver	2.930590e-05	2.396830e-06	7	1.278180e-04	1.056330e-05	6	4.947040e-05	3.502690e-06	6	false	GAMG	7.634500e-05	5.888270e-07	3	true
231           	smoothSolver	3.818790e-05	3.261180e-06	7	1.436830e-04	1.313260e-05	6	5.834940e-05	4.602690e-06	6	false	GAMG	5.743360e-05	5.521990e-07	3	true
232           	smoothSolver	2.936580e-05	2.405810e-06	7	1.279980e-04	1.062190e-05	6	4.946070e-05	3.517860e-06	6	false	GAMG	7.631370e-05	5.907100e-07	3	true
233           	smoothSolver	3.801550e-05	3.241860e-06	7	1.434480e-04	1.312720e-05	6	5.831560e-05	4.613200e-06	6	false	GAMG	5.723610e-05	5.517080e-07	3	true
234           	smoothSolver	2.920180e-05	2.393530e-06	7	1.272900e-04	1.055920e-05	6	4.916570e-05	3.500020e-06	6	false	GAMG	7.601510e-05	5.888890e-07	3	true
235           	smoothSolver	3.803400e-05	3.251140e-06	7	1.431900e-04	1.311620e-05	6	5.809910e-05	4.604510e-06	6	false	GAMG	5.713940e-05	5.523060e-07	3	true
236           	smoothSolver	2.922040e-05	2.397830e-06	7	1.272500e-04	1.056950e-05	6	4.912870e-05	3.508260e-06	6	false	GAMG	7.591640e-05	5.912080e-07	3	true
237           	smoothSolver	3.798170e-05	3.247760e-06	7	1.428880e-04	1.311310e-05	6	5.800980e-05	4.604860e-06	6	false	GAMG	5.684580e-05	5.522220e-07	3	true
238           	smoothSolver	2.915340e-05	2.395120e-06	7	1.269570e-04	1.057160e-05	6	4.894000e-05	3.504400e-06	6	false	GAMG	7.575640e-05	5.900880e-07	3	true
239           	smoothSolver	3.787350e-05	3.238980e-06	7	1.426980e-04	1.310270e-05	6	5.789190e-05	4.605690e-06	6	false	GAMG	5.679490e-05	5.527000e-07	3	true
240           	smoothSolver	2.906430e-05	2.388960e-06	7	1.264850e-04	1.051930e-05	6	4.877380e-05	3.496580e-06	6	false	GAMG	7.552970e-05	5.907880e-07	3	true
241           	smoothSolver	3.792810e-05	3.251060e-06	7	1.423780e-04	1.309730e-05	6	5.771090e-05	4.596400e-06	6	false	GAMG	5.654400e-05	5.536150e-07	3	true
242           	smoothSolver	2.909850e-05	2.395510e-06	7	1.265810e-04	1.056640e-05	6	4.872700e-05	3.507700e-06	6	false	GAMG	7.548800e-05	5.919230e-07	3	true
243           	smoothSolver	3.777010e-05	3.233730e-06	7	1.421830e-04	1.309160e-05	6	5.767140e-05	4.604010e-06	6	false	GAMG	5.641610e-05	5.539260e-07	3	true
244           	smoothSolver	2.895560e-05	2.384650e-06	7	1.259470e-04	1.050420e-05	6	4.847630e-05	3.491520e-06	6	false	GAMG	7.521510e-05	5.908220e-07	3	true
245           	smoothSolver	3.781480e-05	3.245430e-06	7	1.419220e-04	1.308300e-05	6	5.746840e-05	4.594450e-06	6	false	GAMG	5.629300e-05	5.551790e-07	3	true
246           	smoothSolver	2.899490e-05	2.391010e-06	7	1.260260e-04	1.053400e-05	6	4.846720e-05	3.502780e-06	6	false	GAMG	7.515890e-05	5.930880e-07	3	true
247           	smoothSolver	3.772700e-05	3.236690e-06	7	1.416720e-04	1.308000e-05	6	5.741260e-05	4.598510e-06	6	false	GAMG	5.606730e-05	5.555800e-07	3	true
248           	smoothSolver	2.890350e-05	2.385480e-06	7	1.256400e-04	1.051670e-05	6	4.826730e-05	3.493170e-06	6	false	GAMG	7.496720e-05	5.919340e-07	3	true
249           	smoothSolver	3.767170e-05	3.234670e-06	7	1.414810e-04	1.306960e-05	6	5.727270e-05	4.595820e-06	6	false	GAMG	5.602480e-05	5.564530e-07	3	true
250           	smoothSolver	2.886220e-05	2.383660e-06	7	1.253760e-04	1.049330e-05	6	4.817250e-05	3.490890e-06	6	false	GAMG	7.480420e-05	5.932830e-07	3	true
251           	smoothSolver	3.769030e-05	3.240780e-06	7	1.412000e-04	1.306500e-05	6	5.714000e-05	4.590610e-06	6	false	GAMG	5.579240e-05	5.572220e-07	3	true
252           	smoothSolver	2.886470e-05	2.387110e-06	7	1.253640e-04	1.052580e-05	6	4.809570e-05	3.495760e-06	6	false	GAMG	7.473310e-05	5.937960e-07	3	true
253           	smoothSolver	3.756110e-05	3.227440e-06	7	1.410320e-04	1.305860e-05	6	5.708210e-05	4.595530e-06	6	false	GAMG	5.571740e-05	2.771370e-07	4	true
254           	smoothSolver	2.885450e-05	2.392150e-06	7	1.260760e-04	1.071020e-05	6	4.842280e-05	3.577970e-06	6	false	GAMG	7.455410e-05	6.383710e-07	3	true
255           	smoothSolver	3.763810e-05	3.241400e-06	7	1.411370e-04	1.309820e-05	6	5.700520e-05	4.598880e-06	6	false	GAMG	5.557570e-05	5.453330e-07	3	true
256           	smoothSolver	2.879010e-05	2.385220e-06	7	1.249230e-04	1.050560e-05	6	4.791540e-05	3.493710e-06	6	false	GAMG	7.450190e-05	6.103250e-07	3	true
257           	smoothSolver	3.752210e-05	3.229450e-06	7	1.408190e-04	1.308660e-05	6	5.695790e-05	4.602670e-06	6	false	GAMG	5.542000e-05	5.515170e-07	3	true
258           	smoothSolver	2.868690e-05	2.377080e-06	7	1.243800e-04	1.045080e-05	6	4.766360e-05	3.471110e-06	6	false	GAMG	7.428110e-05	5.998470e-07	3	true
259           	smoothSolver	3.751490e-05	3.233400e-06	7	1.406820e-04	1.309700e-05	6	5.683700e-05	4.606480e-06	6	false	GAMG	5.538730e-05	2.800220e-07	4	true
260           	smoothSolver	2.877090e-05	2.391190e-06	7	1.254560e-04	1.067210e-05	6	4.808720e-05	3.559250e-06	6	false	GAMG	7.420810e-05	6.377530e-07	3	true
261           	smoothSolver	3.752010e-05	3.235840e-06	7	1.406770e-04	1.312250e-05	6	5.680800e-05	4.612430e-06	6	false	GAMG	5.518110e-05	5.495750e-07	3	true
262           	smoothSolver	2.864640e-05	2.379910e-06	7	1.241730e-04	1.046770e-05	6	4.752460e-05	3.475210e-06	6	false	GAMG	7.408750e-05	6.074650e-07	3	true
263           	smoothSolver	3.741400e-05	3.226140e-06	7	1.403120e-04	1.308270e-05	6	5.669430e-05	4.607490e-06	6	false	GAMG	5.512170e-05	2.762200e-07	4	true
264           	smoothSolver	2.866710e-05	2.386440e-06	7	1.249180e-04	1.064220e-05	6	4.782710e-05	3.547050e-06	6	false	GAMG	7.394750e-05	6.417800e-07	3	true
265           	smoothSolver	3.747370e-05	3.238100e-06	7	1.403740e-04	1.312370e-05	6	5.662540e-05	4.611340e-06	6	false	GAMG	5.496900e-05	5.486270e-07	3	true
266           	smoothSolver	2.859470e-05	2.379120e-06	7	1.238190e-04	1.045050e-05	6	4.734540e-05	3.471820e-06	6	false	GAMG	7.387500e-05	6.093850e-07	3	true
267           	smoothSolver	3.735560e-05	3.225190e-06	7	1.399830e-04	1.308420e-05	6	5.654240e-05	4.607630e-06	6	false	GAMG	5.486720e-05	2.780730e-07	4	true
268           	smoothSolver	2.859730e-05	2.384530e-06	7	1.245630e-04	1.063880e-05	6	4.762320e-05	3.542930e-06	6	false	GAMG	7.372410e-05	6.406220e-07	3	true
269           	smoothSolver	3.739040e-05	3.234070e-06	7	1.400500e-04	1.311270e-05	6	5.646290e-05	4.609930e-06	6	false	GAMG	5.479100e-05	2.725610e-07	4	true
270           	smoothSolver	2.860590e-05	2.387470e-06	7	1.245310e-04	1.064590e-05	6	4.761900e-05	3.552120e-06	6	false	GAMG	7.367220e-05	6.502410e-07	3	true
271           	smoothSolver	3.734540e-05	3.230250e-06	7	1.399040e-04	1.311090e-05	6	5.642060e-05	4.610160e-06	6	false	GAMG	5.462990e-05	5.453140e-07	3	true
272           	smoothSolver	2.846640e-05	2.373030e-06	7	1.231650e-04	1.042270e-05	6	4.702790e-05	3.461720e-06	6	false	GAMG	7.353020e-05	6.131670e-07	3	true
273           	smoothSolver	3.728740e-05	3.226650e-06	7	1.396430e-04	1.309520e-05	6	5.632460e-05	4.611570e-06	6	false	GAMG	5.460620e-05	2.800350e-07	4	true
274           	smoothSolver	2.851850e-05	2.382430e-06	7	1.240720e-04	1.061070e-05	6	4.736790e-05	3.534050e-06	6	false	GAMG	7.342310e-05	6.405600e-07	3	true
275           	smoothSolver	3.731640e-05	3.233290e-06	7	1.396370e-04	1.312140e-05	6	5.626010e-05	4.614360e-06	6	false	GAMG	5.446380e-05	2.756520e-07	4	true
276           	smoothSolver	2.851970e-05	2.385620e-06	7	1.241040e-04	1.064320e-05	6	4.736120e-05	3.545800e-06	6	false	GAMG	7.338260e-05	6.498150e-07	3	true
277           	smoothSolver	3.723390e-05	3.224400e-06	7	1.394990e-04	1.310460e-05	6	5.621190e-05	4.613380e-06	6	false	GAMG	5.438290e-05	2.705250e-07	4	true
278           	smoothSolver	2.844540e-05	2.380010e-06	7	1.236920e-04	1.059930e-05	6	4.720860e-05	3.531160e-06	6	false	GAMG	7.324560e-05	6.529890e-07	3	true
279           	smoothSolver	3.726200e-05	3.232060e-06	7	1.394470e-04	1.312190e-05	6	5.613310e-05	4.614540e-06	6	false	GAMG	5.429430e-05	2.706590e-07	4	true
280           	smoothSolver	2.845810e-05	2.382100e-06	7	1.236200e-04	1.059480e-05	6	4.715700e-05	3.528340e-06	6	false	GAMG	7.320280e-05	6.530140e-07	3	true
281           	smoothSolver	3.720930e-05	3.227250e-06	7	1.393960e-04	1.314040e-05	6	5.612970e-05	4.623730e-06	6	false	GAMG	5.419080e-05	2.720990e-07	4	true
282           	smoothSolver	2.839550e-05	2.377980e-06	7	1.233290e-04	1.057290e-05	6	4.701370e-05	3.516840e-06	6	false	GAMG	7.307320e-05	6.509020e-07	3	true
283           	smoothSolver	3.719660e-05	3.228620e-06	7	1.393130e-04	1.314350e-05	6	5.605950e-05	4.624990e-06	6	false	GAMG	5.415510e-05	2.732040e-07	4	true
284           	smoothSolver	2.838100e-05	2.378280e-06	7	1.232270e-04	1.056890e-05	6	4.695740e-05	3.515890e-06	6	false	GAMG	7.299050e-05	6.514140e-07	3	true
285           	smoothSolver	3.719200e-05	3.230060e-06	7	1.391680e-04	1.314570e-05	6	5.600170e-05	4.624890e-06	6	false	GAMG	5.402710e-05	2.739600e-07	4	true
286           	smoothSolver	2.836750e-05	2.379220e-06	7	1.231810e-04	1.058190e-05	6	4.689400e-05	3.517270e-06	6	false	GAMG	7.293060e-05	6.519110e-07	3	true
287           	smoothSolver	3.713290e-05	3.224630e-06	7	1.390660e-04	1.314430e-05	6	5.595420e-05	4.626510e-06	6	false	GAMG	5.398340e-05	2.737380e-07	4	true
288           	smoothSolver	2.831720e-05	2.376080e-06	7	1.229560e-04	1.056330e-05	6	4.680360e-05	3.512900e-06	6	false	GAMG	7.281140e-05	6.521850e-07	3	true
289           	smoothSolver	3.715320e-05	3.230160e-06	7	1.389140e-04	1.314080e-05	6	5.585580e-05	4.620820e-06	6	false	GAMG	5.388740e-05	2.742880e-07	4	true
290           	smoothSolver	2.833340e-05	2.379310e-06	7	1.230150e-04	1.058930e-05	6	4.679440e-05	3.520420e-06	6	false	GAMG	7.278490e-05	6.531600e-07	3	true
291           	smoothSolver	3.709290e-05	3.224060e-06	7	1.388010e-04	1.313890e-05	6	5.582360e-05	4.621870e-06	6	false	GAMG	5.380490e-05	2.743240e-07	4	true
292           	smoothSolver	2.827850e-05	2.375650e-06	7	1.227900e-04	1.057920e-05	6	4.669420e-05	3.516200e-06	6	false	GAMG	7.267020e-05	6.525690e-07	3	true
293           	smoothSolver	3.709170e-05	3.226870e-06	7	1.386830e-04	1.313340e-05	6	5.573210e-05	4.617030e-06	6	false	GAMG	5.375770e-05	2.746970e-07	4	true
294           	smoothSolver	2.828090e-05	2.377100e-06	7	1.227750e-04	1.058990e-05	6	4.667570e-05	3.520510e-06	6	false	GAMG	7.261810e-05	6.534060e-07	3	true
295           	smoothSolver	3.706980e-05	3.225760e-06	7	1.385600e-04	1.313320e-05	6	5.568200e-05	4.615880e-06	6	false	GAMG	5.364820e-05	2.750820e-07	4	true
296           	smoothSolver	2.825640e-05	2.376380e-06	7	1.226820e-04	1.059660e-05	6	4.661030e-05	3.519970e-06	6	false	GAMG	7.254980e-05	6.533420e-07	3	true
297           	smoothSolver	3.702910e-05	3.222700e-06	7	1.384850e-04	1.313230e-05	6	5.562760e-05	4.615950e-06	6	false	GAMG	5.361620e-05	2.750500e-07	4	true
298           	smoothSolver	2.822320e-05	2.374390e-06	7	1.225190e-04	1.058310e-05	6	4.654640e-05	3.516460e-06	6	false	GAMG	7.245700e-05	6.537470e-07	3	true
299           	smoothSolver	3.704160e-05	3.226540e-06	7	1.383720e-04	1.313350e-05	6	5.555370e-05	4.613220e-06	6	false	GAMG	5.352300e-05	2.755760e-07	4	true
300           	smoothSolver	2.823000e-05	2.376530e-06	7	1.225370e-04	1.059910e-05	6	4.652290e-05	3.519430e-06	6	false	GAMG	7.242810e-05	6.545820e-07	3	true
301           	smoothSolver	3.698730e-05	3.221030e-06	7	1.383060e-04	1.313680e-05	6	5.552920e-05	4.616470e-06	6	false	GAMG	5.346540e-05	2.754900e-07	4	true
302           	smoothSolver	2.818010e-05	2.373110e-06	7	1.223150e-04	1.058130e-05	6	4.642970e-05	3.512700e-06	6	false	GAMG	7.232400e-05	6.545130e-07	3	true
303           	smoothSolver	3.699620e-05	3.224710e-06	7	1.382170e-04	1.313710e-05	6	5.545300e-05	4.614000e-06	6	false	GAMG	5.341170e-05	2.758520e-07	4	true
304           	smoothSolver	2.818750e-05	2.375030e-06	7	1.223200e-04	1.059160e-05	6	4.641310e-05	3.515660e-06	6	false	GAMG	7.228960e-05	6.556380e-07	3	true
305           	smoothSolver	3.696600e-05	3.222220e-06	7	1.381360e-04	1.314000e-05	6	5.542350e-05	4.615510e-06	6	false	GAMG	5.332240e-05	2.760260e-07	4	true
306           	smoothSolver	2.815520e-05	2.373420e-06	7	1.221900e-04	1.058990e-05	6	4.633830e-05	3.512950e-06	6	false	GAMG	7.221590e-05	6.556310e-07	3	true
307           	smoothSolver	3.694340e-05	3.221440e-06	7	1.380750e-04	1.313960e-05	6	5.536990e-05	4.614950e-06	6	false	GAMG	5.329220e-05	2.760610e-07	4	true
308           	smoothSolver	2.813680e-05	2.372720e-06	7	1.220920e-04	1.058470e-05	6	4.629330e-05	3.512260e-06	6	false	GAMG	7.214730e-05	6.562660e-07	3	true
309           	smoothSolver	3.694710e-05	3.223720e-06	7	1.379800e-04	1.314020e-05	6	5.531500e-05	4.612880e-06	6	false	GAMG	5.320350e-05	2.764670e-07	4	true
310           	smoothSolver	2.813500e-05	2.373910e-06	7	1.220870e-04	1.059840e-05	6	4.626100e-05	3.514940e-06	6	false	GAMG	7.211340e-05	6.567550e-07	3	true
311           	smoothSolver	3.690270e-05	3.219460e-06	7	1.379230e-04	1.314110e-05	6	5.528760e-05	4.614290e-06	6	false	GAMG	5.316240e-05	2.763810e-07	4	true
312           	smoothSolver	2.809530e-05	2.371220e-06	7	1.219140e-04	1.058470e-05	6	4.618750e-05	3.510850e-06	6	false	GAMG	7.202390e-05	6.567290e-07	3	true
313           	smoothSolver	3.691470e-05	3.223150e-06	7	1.378390e-04	1.314070e-05	6	5.522010e-05	4.611090e-06	6	false	GAMG	5.310500e-05	2.767700e-07	4	true
314           	smoothSolver	2.810460e-05	2.373200e-06	7	1.219430e-04	1.059760e-05	6	4.617690e-05	3.514650e-06	6	false	GAMG	7.199850e-05	6.575680e-07	3	true
315           	smoothSolver	3.688020e-05	3.219840e-06	7	1.377690e-04	1.314320e-05	6	5.519790e-05	4.612640e-06	6	false	GAMG	5.303740e-05	2.768530e-07	4	true
316           	smoothSolver	2.807040e-05	2.371140e-06	7	1.218070e-04	1.059100e-05	6	4.610680e-05	3.511130e-06	6	false	GAMG	7.192380e-05	6.573830e-07	3	true
317           	smoothSolver	3.687100e-05	3.220580e-06	7	1.377080e-04	1.314310e-05	6	5.514410e-05	4.611430e-06	6	false	GAMG	5.300860e-05	2.770130e-07	4	true
318           	smoothSolver	2.806390e-05	2.371380e-06	7	1.217590e-04	1.059080e-05	6	4.607940e-05	3.511500e-06	6	false	GAMG	7.187490e-05	6.580410e-07	3	true
319           	smoothSolver	3.686600e-05	3.221220e-06	7	1.376310e-04	1.314520e-05	6	5.510500e-05	4.610980e-06	6	false	GAMG	5.293090e-05	2.773410e-07	4	true
320           	smoothSolver	2.805500e-05	2.371690e-06	7	1.217250e-04	1.059820e-05	6	4.604100e-05	3.511880e-06	6	false	GAMG	7.183620e-05	6.582940e-07	3	true
321           	smoothSolver	3.683300e-05	3.218260e-06	7	1.375840e-04	1.314600e-05	6	5.507640e-05	4.612260e-06	6	false	GAMG	5.290180e-05	2.773010e-07	4	true
322           	smoothSolver	2.802660e-05	2.369820e-06	7	1.215930e-04	1.058760e-05	6	4.598570e-05	3.508570e-06	6	false	GAMG	7.176350e-05	6.584560e-07	3	true
323           	smoothSolver	3.684410e-05	3.221350e-06	7	1.375090e-04	1.314590e-05	6	5.502150e-05	4.610040e-06	6	false	GAMG	5.284350e-05	2.776700e-07	4	true
324           	smoothSolver	2.803440e-05	2.371530e-06	7	1.216190e-04	1.060040e-05	6	4.597480e-05	3.511720e-06	6	false	GAMG	7.174340e-05	6.591300e-07	3	true
325           	smoothSolver	3.681050e-05	3.217930e-06	7	1.374570e-04	1.314720e-05	6	5.500450e-05	4.611700e-06	6	false	GAMG	5.279260e-05	2.776890e-07	4	true
326           	smoothSolver	2.800270e-05	2.369430e-06	7	1.214860e-04	1.059260e-05	6	4.591220e-05	3.508340e-06	6	false	GAMG	7.167380e-05	6.589960e-07	3	true
327           	smoothSolver	3.681060e-05	3.219610e-06	7	1.374000e-04	1.314610e-05	6	5.495310e-05	4.609830e-06	6	false	GAMG	5.276110e-05	2.778900e-07	4	true
328           	smoothSolver	2.800370e-05	2.370280e-06	7	1.214740e-04	1.059750e-05	6	4.589720e-05	3.510170e-06	6	false	GAMG	7.164020e-05	6.596580e-07	3	true
329           	smoothSolver	3.679860e-05	3.219050e-06	7	1.373350e-04	1.314710e-05	6	5.492470e-05	4.609660e-06	6	false	GAMG	5.269490e-05	2.781080e-07	4	true
330           	smoothSolver	2.798940e-05	2.369890e-06	7	1.214180e-04	1.060120e-05	6	4.585670e-05	3.509890e-06	6	false	GAMG	7.159760e-05	6.597390e-07	3	true
331           	smoothSolver	3.677630e-05	3.217440e-06	7	1.372940e-04	1.314700e-05	6	5.489330e-05	4.609680e-06	6	false	GAMG	5.267190e-05	2.781110e-07	4	true
332           	smoothSolver	2.797080e-05	2.368800e-06	7	1.213280e-04	1.059470e-05	6	4.581850e-05	3.508360e-06	6	false	GAMG	7.154090e-05	6.600210e-07	3	true
333           	smoothSolver	3.678330e-05	3.219640e-06	7	1.372290e-04	1.314740e-05	6	5.484940e-05	4.607850e-06	6	false	GAMG	5.261520e-05	2.784310e-07	4	true
334           	smoothSolver	2.797460e-05	2.370010e-06	7	1.213420e-04	1.060510e-05	6	4.580450e-05	3.510740e-06	6	false	GAMG	7.152090e-05	6.605120e-07	3	true
335           	smoothSolver	3.675300e-05	3.216560e-06	7	1.371910e-04	1.314890e-05	6	5.483390e-05	4.609220e-06	6	false	GAMG	5.257820e-05	2.784120e-07	4	true
336           	smoothSolver	2.794670e-05	2.368080e-06	7	1.212230e-04	1.059640e-05	6	4.575160e-05	3.507500e-06	6	false	GAMG	7.145840e-05	6.604580e-07	3	true
337           	smoothSolver	3.675780e-05	3.218590e-06	7	1.371410e-04	1.314910e-05	6	5.478830e-05	4.607550e-06	6	false	GAMG	5.254470e-05	2.786360e-07	4	true
338           	smoothSolver	2.795100e-05	2.369130e-06	7	1.212300e-04	1.060270e-05	6	4.574210e-05	3.509370e-06	6	false	GAMG	7.143530e-05	6.610770e-07	3	true
339           	smoothSolver	3.674120e-05	3.217210e-06	7	1.370940e-04	1.315120e-05	6	5.476980e-05	4.608270e-06	6	false	GAMG	5.249100e-05	2.787630e-07	4	true
340           	smoothSolver	2.793320e-05	2.368310e-06	7	1.211600e-04	1.060200e-05	6	4.569980e-05	3.507760e-06	6	false	GAMG	7.139080e-05	6.610740e-07	3	true
341           	smoothSolver	3.672820e-05	3.216790e-06	7	1.370590e-04	1.315150e-05	6	5.473860e-05	4.608080e-06	6	false	GAMG	5.247080e-05	2.788100e-07	4	true
342           	smoothSolver	2.792270e-05	2.367950e-06	7	1.211040e-04	1.059900e-05	6	4.567320e-05	3.506960e-06	6	false	GAMG	7.134820e-05	6.614380e-07	3	true
343           	smoothSolver	3.673040e-05	3.218130e-06	7	1.370060e-04	1.315250e-05	6	5.470610e-05	4.607140e-06	6	false	GAMG	5.241810e-05	2.790690e-07	4	true
344           	smoothSolver	2.792190e-05	2.368700e-06	7	1.211010e-04	1.060680e-05	6	4.565440e-05	3.508270e-06	6	false	GAMG	7.132690e-05	6.617570e-07	3	true
345           	smoothSolver	3.670530e-05	3.215760e-06	7	1.369740e-04	1.315350e-05	6	5.469030e-05	4.608170e-06	6	false	GAMG	5.239200e-05	2.790490e-07	4	true
346           	smoothSolver	2.789940e-05	2.367250e-06	7	1.210030e-04	1.059940e-05	6	4.561140e-05	3.505770e-06	6	false	GAMG	7.127380e-05	6.617850e-07	3	true
347           	smoothSolver	3.671170e-05	3.217840e-06	7	1.369270e-04	1.315340e-05	6	5.465070e-05	4.606500e-06	6	false	GAMG	5.235760e-05	2.792830e-07	4	true
348           	smoothSolver	2.790440e-05	2.368410e-06	7	1.210180e-04	1.060700e-05	6	4.560460e-05	3.508220e-06	6	false	GAMG	7.125730e-05	6.623090e-07	3	true
349           	smoothSolver	3.669270e-05	3.216100e-06	7	1.368890e-04	1.315480e-05	6	5.463800e-05	4.607250e-06	6	false	GAMG	5.231640e-05	2.793550e-07	4	true
350           	smoothSolver	2.788560e-05	2.367370e-06	7	1.209420e-04	1.060430e-05	6	4.556590e-05	3.506600e-06	6	false	GAMG	7.121400e-05	6.622690e-07	3	true
351           	smoothSolver	3.668680e-05	3.216490e-06	7	1.368540e-04	1.315470e-05	6	5.460790e-05	4.606460e-06	6	false	GAMG	5.229760e-05	2.794490e-07	4	true
352           	smoothSolver	2.788120e-05	2.367520e-06	7	1.209140e-04	1.060450e-05	6	4.555010e-05	3.507080e-06	6	false	GAMG	7.118330e-05	6.626730e-07	3	true
353           	smoothSolver	3.668400e-05	3.216970e-06	7	1.368100e-04	1.315580e-05	6	5.458460e-05	4.605960e-06	6	false	GAMG	5.225170e-05	2.796460e-07	4	true
354           	smoothSolver	2.787620e-05	2.367790e-06	7	1.208990e-04	1.060930e-05	6	4.552950e-05	3.507860e-06	6	false	GAMG	7.115980e-05	6.628570e-07	3	true
355           	smoothSolver	3.666490e-05	3.215340e-06	7	1.367870e-04	1.315650e-05	6	5.456860e-05	4.606670e-06	6	false	GAMG	5.223260e-05	2.796390e-07	4	true
356           	smoothSolver	2.785980e-05	2.366770e-06	7	1.208270e-04	1.060370e-05	6	4.549790e-05	3.506140e-06	6	false	GAMG	7.111610e-05	6.629690e-07	3	true
357           	smoothSolver	3.667070e-05	3.217090e-06	7	1.367480e-04	1.315680e-05	6	5.453670e-05	4.605610e-06	6	false	GAMG	5.219870e-05	2.798560e-07	4	true
358           	smoothSolver	2.786390e-05	2.367760e-06	7	1.208430e-04	1.061080e-05	6	4.549140e-05	3.508190e-06	6	false	GAMG	7.110240e-05	6.633850e-07	3	true
359           	smoothSolver	3.665200e-05	3.215280e-06	7	1.367220e-04	1.315810e-05	6	5.452700e-05	4.606590e-06	6	false	GAMG	5.216790e-05	2.798840e-07	4	true
360           	smoothSolver	2.784610e-05	2.366660e-06	7	1.207730e-04	1.060670e-05	6	4.545610e-05	3.506320e-06	6	false	GAMG	7.106190e-05	6.633500e-07	3	true
361           	smoothSolver	3.665110e-05	3.216170e-06	7	1.366940e-04	1.315810e-05	6	5.449840e-05	4.605940e-06	6	false	GAMG	5.214900e-05	2.800010e-07	4	true
362           	smoothSolver	2.784570e-05	2.367120e-06	7	1.207660e-04	1.060900e-05	6	4.544640e-05	3.507290e-06	6	false	GAMG	7.104050e-05	6.637550e-07	3	true
363           	smoothSolver	3.664460e-05	3.215980e-06	7	1.366610e-04	1.315920e-05	6	5.448210e-05	4.606050e-06	6	false	GAMG	5.211030e-05	2.801380e-07	4	true
364           	smoothSolver	2.783780e-05	2.366990e-06	7	1.207390e-04	1.061120e-05	6	4.542360e-05	3.507250e-06	6	false	GAMG	7.101580e-05	6.638480e-07	3	true
365           	smoothSolver	3.663140e-05	3.215060e-06	7	1.366410e-04	1.315960e-05	6	5.446600e-05	4.606410e-06	6	false	GAMG	5.209550e-05	2.801510e-07	4	true
366           	smoothSolver	2.782670e-05	2.366380e-06	7	1.206890e-04	1.060760e-05	6	4.540180e-05	3.506260e-06	6	false	GAMG	7.098170e-05	6.640280e-07	3	true
367           	smoothSolver	3.663510e-05	3.216360e-06	7	1.366070e-04	1.316010e-05	6	5.444230e-05	4.605650e-06	6	false	GAMG	5.206280e-05	2.803410e-07	4	true
368           	smoothSolver	2.782860e-05	2.367110e-06	7	1.206990e-04	1.061360e-05	6	4.539620e-05	3.507840e-06	6	false	GAMG	7.096910e-05	6.643410e-07	3	true
369           	smoothSolver	3.661810e-05	3.214710e-06	7	1.365860e-04	1.316100e-05	6	5.443630e-05	4.606500e-06	6	false	GAMG	5.204000e-05	2.803510e-07	4	true
370           	smoothSolver	2.781290e-05	2.366110e-06	7	1.206350e-04	1.060930e-05	6	4.536780e-05	3.506130e-06	6	false	GAMG	7.093270e-05	6.643380e-07	3	true
371           	smoothSolver	3.662000e-05	3.215830e-06	7	1.365590e-04	1.316110e-05	6	5.441250e-05	4.605760e-06	6	false	GAMG	5.202040e-05	2.804860e-07	4	true
372           	smoothSolver	2.781460e-05	2.366710e-06	7	1.206390e-04	1.061290e-05	6	4.536490e-05	3.507410e-06	6	false	GAMG	7.091760e-05	6.647100e-07	3	true
373           	smoothSolver	3.661090e-05	3.215180e-06	7	1.365330e-04	1.316220e-05	6	5.440420e-05	4.606110e-06	6	false	GAMG	5.198880e-05	2.805780e-07	4	true
374           	smoothSolver	2.780490e-05	2.366310e-06	7	1.206040e-04	1.061310e-05	6	4.534450e-05	3.506870e-06	6	false	GAMG	7.089230e-05	6.647470e-07	3	true
375           	smoothSolver	3.660280e-05	3.214860e-06	7	1.365150e-04	1.316240e-05	6	5.438980e-05	4.606160e-06	6	false	GAMG	5.197620e-05	2.806150e-07	4	true
376           	smoothSolver	2.779820e-05	2.366070e-06	7	1.205730e-04	1.061150e-05	6	4.533150e-05	3.506530e-06	6	false	GAMG	7.086630e-05	6.649670e-07	3	true
377           	smoothSolver	3.660390e-05	3.215650e-06	7	1.364870e-04	1.316300e-05	6	5.437310e-05	4.605700e-06	6	false	GAMG	5.194610e-05	2.807720e-07	4	true
378           	smoothSolver	2.779770e-05	2.366510e-06	7	1.205750e-04	1.061600e-05	6	4.532440e-05	3.507560e-06	6	false	GAMG	7.085340e-05	6.651850e-07	3	true
379           	smoothSolver	3.658960e-05	3.214320e-06	7	1.364710e-04	1.316370e-05	6	5.436740e-05	4.606390e-06	6	false	GAMG	5.192940e-05	2.807750e-07	4	true
380           	smoothSolver	2.778490e-05	2.365700e-06	7	1.205220e-04	1.061210e-05	6	4.530220e-05	3.506170e-06	6	false	GAMG	7.082190e-05	6.652210e-07	3	true
381           	smoothSolver	3.659250e-05	3.215430e-06	7	1.364470e-04	1.316390e-05	6	5.434710e-05	4.605710e-06	6	false	GAMG	5.190960e-05	2.809100e-07	4	true
382           	smoothSolver	2.778710e-05	2.366320e-06	7	1.205300e-04	1.061620e-05	6	4.530060e-05	3.507490e-06	6	false	GAMG	7.081080e-05	6.655410e-07	3	true
383           	smoothSolver	3.658220e-05	3.214540e-06	7	1.364270e-04	1.316490e-05	6	5.434190e-05	4.606230e-06	6	false	GAMG	5.188480e-05	2.809640e-07	4	true
384           	smoothSolver	2.777680e-05	2.365780e-06	7	1.204920e-04	1.061500e-05	6	4.528090e-05	3.506730e-06	6	false	GAMG	7.078610e-05	6.655510e-07	3	true
385           	smoothSolver	3.657800e-05	3.214670e-06	7	1.364100e-04	1.316500e-05	6	5.432720e-05	4.606160e-06	6	false	GAMG	5.187300e-05	2.810200e-07	4	true
386           	smoothSolver	2.777350e-05	2.365810e-06	7	1.204750e-04	1.061500e-05	6	4.527310e-05	3.506980e-06	6	false	GAMG	7.076700e-05	6.657900e-07	3	true
387           	smoothSolver	3.657660e-05	3.215010e-06	7	1.363860e-04	1.316570e-05	6	5.431530e-05	4.606050e-06	6	false	GAMG	5.184640e-05	2.811410e-07	4	true
388           	smoothSolver	2.777090e-05	2.366000e-06	7	1.204680e-04	1.061790e-05	6	4.526390e-05	3.507600e-06	6	false	GAMG	7.075330e-05	6.659300e-07	3	true
389           	smoothSolver	3.656550e-05	3.214080e-06	7	1.363720e-04	1.316620e-05	6	5.430870e-05	4.606600e-06	6	false	GAMG	5.183390e-05	2.811470e-07	4	true
390           	smoothSolver	2.776120e-05	2.365440e-06	7	1.204270e-04	1.061490e-05	6	4.524690e-05	3.506680e-06	6	false	GAMG	7.072740e-05	6.660050e-07	3	true
391           	smoothSolver	3.656830e-05	3.215070e-06	7	1.363510e-04	1.316650e-05	6	5.429200e-05	4.606110e-06	6	false	GAMG	5.181400e-05	2.812750e-07	4	true
392           	smoothSolver	2.776310e-05	2.366000e-06	7	1.204350e-04	1.061880e-05	6	4.524510e-05	3.507930e-06	6	false	GAMG	7.071820e-05	6.662650e-07	3	true
393           	smoothSolver	3.655800e-05	3.214140e-06	7	1.363350e-04	1.316730e-05	6	5.428850e-05	4.606710e-06	6	false	GAMG	5.179470e-05	2.813050e-07	4	true
394           	smoothSolver	2.775320e-05	2.365450e-06	7	1.203960e-04	1.061690e-05	6	4.522780e-05	3.507060e-06	6	false	GAMG	7.069470e-05	6.662700e-07	3	true
395           	smoothSolver	3.655660e-05	3.214580e-06	7	1.363190e-04	1.316740e-05	6	5.427490e-05	4.606490e-06	6	false	GAMG	5.178290e-05	2.813760e-07	4	true
396           	smoothSolver	2.775220e-05	2.365680e-06	7	1.203900e-04	1.061800e-05	6	4.522420e-05	3.507630e-06	6	false	GAMG	7.068070e-05	6.665070e-07	3	true
397           	smoothSolver	3.655320e-05	3.214580e-06	7	1.362990e-04	1.316810e-05	6	5.426760e-05	4.606590e-06	6	false	GAMG	5.176000e-05	2.814650e-07	4	true
398           	smoothSolver	2.774800e-05	2.365680e-06	7	1.203760e-04	1.061960e-05	6	4.521450e-05	3.507810e-06	6	false	GAMG	7.066610e-05	6.665890e-07	3	true
399           	smoothSolver	3.654520e-05	3.214040e-06	7	1.362870e-04	1.316840e-05	6	5.426130e-05	4.606930e-06	6	false	GAMG	5.174990e-05	2.814820e-07	4	true
400           	smoothSolver	2.774140e-05	2.365330e-06	7	1.203460e-04	1.061760e-05	6	4.520440e-05	3.507280e-06	6	false	GAMG	7.064520e-05	6.666960e-07	3	true
401           	smoothSolver	3.654720e-05	3.214790e-06	7	1.362670e-04	1.316880e-05	6	5.425020e-05	4.606580e-06	6	false	GAMG	5.173080e-05	2.815980e-07	4	true
402           	smoothSolver	2.774240e-05	2.365770e-06	7	1.203500e-04	1.062100e-05	6	4.520370e-05	3.508270e-06	6	false	GAMG	7.063670e-05	6.668960e-07	3	true
403           	smoothSolver	3.653790e-05	3.213980e-06	7	1.362550e-04	1.316940e-05	6	5.424900e-05	4.607120e-06	6	false	GAMG	5.171600e-05	2.816170e-07	4	true
404           	smoothSolver	2.773380e-05	2.365250e-06	7	1.203150e-04	1.061880e-05	6	4.519010e-05	3.507440e-06	6	false	GAMG	7.061530e-05	6.669110e-07	3	true
405           	smoothSolver	3.653840e-05	3.214680e-06	7	1.362390e-04	1.316950e-05	6	5.423780e-05	4.606830e-06	6	false	GAMG	5.170400e-05	2.816970e-07	4	true
406           	smoothSolver	2.773430e-05	2.365570e-06	7	1.203150e-04	1.062070e-05	6	4.518980e-05	3.508160e-06	6	false	GAMG	7.060500e-05	6.671300e-07	3	true
407           	smoothSolver	3.653390e-05	3.214520e-06	7	1.362250e-04	1.317020e-05	6	5.423450e-05	4.607070e-06	6	false	GAMG	5.168500e-05	2.817620e-07	4	true
408           	smoothSolver	2.772940e-05	2.365410e-06	7	1.202980e-04	1.062110e-05	6	4.518070e-05	3.508030e-06	6	false	GAMG	7.059020e-05	6.671760e-07	3	true
409           	smoothSolver	3.652900e-05	3.214400e-06	7	1.362150e-04	1.317040e-05	6	5.422850e-05	4.607210e-06	6	false	GAMG	5.167650e-05	2.817890e-07	4	true
410           	smoothSolver	2.772540e-05	2.365260e-06	7	1.202790e-04	1.062010e-05	6	4.517450e-05	3.507850e-06	6	false	GAMG	7.057400e-05	6.673040e-07	3	true
411           	smoothSolver	3.653000e-05	3.215010e-06	7	1.361990e-04	1.317080e-05	6	5.422060e-05	4.607010e-06	6	false	GAMG	5.165870e-05	2.818870e-07	4	true
412           	smoothSolver	2.772550e-05	2.365550e-06	7	1.202810e-04	1.062270e-05	6	4.517290e-05	3.508530e-06	6	false	GAMG	7.056570e-05	6.674490e-07	3	true
413           	smoothSolver	3.652220e-05	3.214390e-06	7	1.361900e-04	1.317130e-05	6	5.421960e-05	4.607460e-06	6	false	GAMG	5.164760e-05	2.818990e-07	4	true
414           	smoothSolver	2.771850e-05	2.365120e-06	7	1.202520e-04	1.062070e-05	6	4.516270e-05	3.507840e-06	6	false	GAMG	7.054710e-05	6.674800e-07	3	true
415           	smoothSolver	3.652360e-05	3.215090e-06	7	1.361770e-04	1.317140e-05	6	5.421080e-05	4.607160e-06	6	false	GAMG	5.163550e-05	2.819800e-07	4	true
416           	smoothSolver	2.771960e-05	2.365450e-06	7	1.202550e-04	1.062290e-05	6	4.516390e-05	3.508590e-06	6	false	GAMG	7.053920e-05	6.676710e-07	3	true
417           	smoothSolver	3.651840e-05	3.214770e-06	7	1.361660e-04	1.317200e-05	6	5.420990e-05	4.607470e-06	6	false	GAMG	5.162000e-05	2.820230e-07	4	true
418           	smoothSolver	2.771430e-05	2.365290e-06	7	1.202360e-04	1.062250e-05	6	4.515560e-05	3.508250e-06	6	false	GAMG	7.052460e-05	6.676960e-07	3	true
419           	smoothSolver	3.651580e-05	3.214890e-06	7	1.361570e-04	1.317210e-05	6	5.420430e-05	4.607480e-06	6	false	GAMG	5.161210e-05	2.820600e-07	4	true
420           	smoothSolver	2.771250e-05	2.365390e-06	7	1.202250e-04	1.062230e-05	6	4.515300e-05	3.508340e-06	6	false	GAMG	7.051220e-05	6.678350e-07	3	true
421           	smoothSolver	3.651600e-05	3.215230e-06	7	1.361440e-04	1.317260e-05	6	5.419960e-05	4.607410e-06	6	false	GAMG	5.159620e-05	2.821380e-07	4	true
422           	smoothSolver	2.771220e-05	2.365610e-06	7	1.202230e-04	1.062420e-05	6	4.515040e-05	3.508840e-06	6	false	GAMG	7.050370e-05	6.679330e-07	3	true
423           	smoothSolver	3.651050e-05	3.214790e-06	7	1.361370e-04	1.317290e-05	6	5.419830e-05	4.607740e-06	6	false	GAMG	5.158760e-05	2.821500e-07	4	true
424           	smoothSolver	2.770740e-05	2.365390e-06	7	1.202000e-04	1.062250e-05	6	4.514330e-05	3.508450e-06	6	false	GAMG	7.048790e-05	6.679830e-07	3	true
425           	smoothSolver	3.651270e-05	3.215420e-06	7	1.361250e-04	1.317310e-05	6	5.419170e-05	4.607480e-06	6	false	GAMG	5.157560e-05	2.822270e-07	4	true
426           	smoothSolver	2.770910e-05	2.365770e-06	7	1.202040e-04	1.062470e-05	6	4.514500e-05	3.509310e-06	6	false	GAMG	7.048150e-05	6.681410e-07	3	true
427           	smoothSolver	3.650800e-05	3.215020e-06	7	1.361160e-04	1.317360e-05	6	5.419220e-05	4.607810e-06	6	false	GAMG	5.156340e-05	2.822540e-07	4	true
428           	smoothSolver	2.770460e-05	2.365570e-06	7	1.201840e-04	1.062380e-05	6	4.513830e-05	3.508990e-06	6	false	GAMG	7.046760e-05	6.681380e-07	3	true
429           	smoothSolver	3.650760e-05	3.215300e-06	7	1.361080e-04	1.317370e-05	6	5.418780e-05	4.607710e-06	6	false	GAMG	5.155580e-05	2.822770e-07	4	true
430           	smoothSolver	2.770450e-05	2.365750e-06	7	1.201790e-04	1.062430e-05	6	4.513890e-05	3.509410e-06	6	false	GAMG	7.045830e-05	6.682960e-07	3	true
431           	smoothSolver	3.650670e-05	3.215420e-06	7	1.360970e-04	1.317410e-05	6	5.418640e-05	4.607760e-06	6	false	GAMG	5.154190e-05	2.823470e-07	4	true
432           	smoothSolver	2.770310e-05	2.365850e-06	7	1.201730e-04	1.062540e-05	6	4.513660e-05	3.509710e-06	6	false	GAMG	7.044940e-05	6.683610e-07	3	true
433           	smoothSolver	3.650280e-05	3.215170e-06	7	1.360900e-04	1.317440e-05	6	5.418570e-05	4.607990e-06	6	false	GAMG	5.153500e-05	2.823690e-07	4	true
434           	smoothSolver	2.769980e-05	2.365720e-06	7	1.201560e-04	1.062420e-05	6	4.513270e-05	3.509510e-06	6	false	GAMG	7.043660e-05	6.684060e-07	3	true
435           	smoothSolver	3.650440e-05	3.215680e-06	7	1.360800e-04	1.317460e-05	6	5.418120e-05	4.607890e-06	6	false	GAMG	5.152340e-05	2.824220e-07	4	true
436           	smoothSolver	2.770100e-05	2.366030e-06	7	1.201590e-04	1.062610e-05	6	4.513420e-05	3.510210e-06	6	false	GAMG	7.043080e-05	6.685500e-07	3	true
437           	smoothSolver	3.650000e-05	3.215300e-06	7	1.360730e-04	1.317500e-05	6	5.418230e-05	4.608350e-06	6	false	GAMG	5.151390e-05	2.824520e-07	4	true
438           	smoothSolver	2.769690e-05	2.365840e-06	7	1.201400e-04	1.062510e-05	6	4.512870e-05	3.509880e-06	6	false	GAMG	7.041800e-05	6.685490e-07	3	true
439           	smoothSolver	3.650060e-05	3.215670e-06	7	1.360650e-04	1.317510e-05	6	5.417840e-05	4.608320e-06	6	false	GAMG	5.150630e-05	2.824850e-07	4	true
440           	smoothSolver	2.769750e-05	2.366070e-06	7	1.201390e-04	1.062600e-05	6	4.513050e-05	3.510390e-06	6	false	GAMG	7.041090e-05	6.686980e-07	3	true
441           	smoothSolver	3.649890e-05	3.215630e-06	7	1.360560e-04	1.317550e-05	6	5.417870e-05	4.608550e-06	6	false	GAMG	5.149460e-05	2.825420e-07	4	true
442           	smoothSolver	2.769550e-05	2.366080e-06	7	1.201300e-04	1.062640e-05	6	4.512830e-05	3.510470e-06	6	false	GAMG	7.040200e-05	6.687190e-07	3	true
443           	smoothSolver	3.649640e-05	3.215550e-06	7	1.360500e-04	1.317560e-05	6	5.417810e-05	4.608780e-06	6	false	GAMG	5.148880e-05	2.825480e-07	4	true
444           	smoothSolver	2.769350e-05	2.366060e-06	7	1.201180e-04	1.062580e-05	6	4.512690e-05	3.510450e-06	6	false	GAMG	7.039180e-05	6.688150e-07	3	true
445           	smoothSolver	3.649740e-05	3.215920e-06	7	1.360410e-04	1.317590e-05	6	5.417580e-05	4.608760e-06	6	false	GAMG	5.147820e-05	2.826200e-07	4	true
446           	smoothSolver	2.769400e-05	2.366290e-06	7	1.201190e-04	1.062730e-05	6	4.512830e-05	3.510980e-06	6	false	GAMG	7.038640e-05	6.688890e-07	3	true
447           	smoothSolver	3.649350e-05	3.215590e-06	7	1.360350e-04	1.317620e-05	6	5.417730e-05	4.609140e-06	6	false	GAMG	5.147090e-05	2.826200e-07	4	true
448           	smoothSolver	2.769060e-05	2.366130e-06	7	1.201020e-04	1.062630e-05	6	4.512450e-05	3.510690e-06	6	false	GAMG	7.037530e-05	6.689340e-07	3	true
449           	smoothSolver	3.649470e-05	3.215980e-06	7	1.360270e-04	1.317630e-05	6	5.417420e-05	4.609080e-06	6	false	GAMG	5.146360e-05	2.826810e-07	4	true
450           	smoothSolver	2.769160e-05	2.366370e-06	7	1.201030e-04	1.062740e-05	6	4.512670e-05	3.511210e-06	6	false	GAMG	7.036990e-05	6.690290e-07	3	true
451           	smoothSolver	3.649250e-05	3.215840e-06	7	1.360200e-04	1.317670e-05	6	5.417520e-05	4.609350e-06	6	false	GAMG	5.145430e-05	2.826980e-07	4	true
452           	smoothSolver	2.768940e-05	2.366320e-06	7	1.200920e-04	1.062740e-05	6	4.512390e-05	3.511160e-06	6	false	GAMG	7.036120e-05	6.690740e-07	3	true
453           	smoothSolver	3.649130e-05	3.215890e-06	7	1.360150e-04	1.317680e-05	6	5.417390e-05	4.609480e-06	6	false	GAMG	5.144930e-05	2.827340e-07	4	true
454           	smoothSolver	2.768850e-05	2.366360e-06	7	1.200850e-04	1.062720e-05	6	4.512380e-05	3.511270e-06	6	false	GAMG	7.035330e-05	6.691360e-07	3	true
455           	smoothSolver	3.649170e-05	3.216120e-06	7	1.360070e-04	1.317700e-05	6	5.417260e-05	4.609520e-06	6	false	GAMG	5.143990e-05	2.827690e-07	4	true
456           	smoothSolver	2.768850e-05	2.366510e-06	7	1.200840e-04	1.062830e-05	6	4.512410e-05	3.511630e-06	6	false	GAMG	7.034800e-05	6.692230e-07	3	true
457           	smoothSolver	3.648870e-05	3.215880e-06	7	1.360030e-04	1.317730e-05	6	5.417350e-05	4.609830e-06	6	false	GAMG	5.143430e-05	2.827930e-07	4	true
458           	smoothSolver	2.768590e-05	2.366400e-06	7	1.200710e-04	1.062750e-05	6	4.512130e-05	3.511430e-06	6	false	GAMG	7.033850e-05	6.692370e-07	3	true
459           	smoothSolver	3.648990e-05	3.216230e-06	7	1.359960e-04	1.317740e-05	6	5.417080e-05	4.609760e-06	6	false	GAMG	5.142730e-05	2.828250e-07	4	true
460           	smoothSolver	2.768680e-05	2.366620e-06	7	1.200720e-04	1.062860e-05	6	4.512320e-05	3.511910e-06	6	false	GAMG	7.033420e-05	6.693530e-07	3	true
461           	smoothSolver	3.648750e-05	3.216040e-06	7	1.359910e-04	1.317770e-05	6	5.417210e-05	4.610040e-06	6	false	GAMG	5.141980e-05	2.828590e-07	4	true
462           	smoothSolver	2.768450e-05	2.366530e-06	7	1.200620e-04	1.062830e-05	6	4.512050e-05	3.511780e-06	6	false	GAMG	7.032620e-05	6.693530e-07	3	true
463           	smoothSolver	3.648710e-05	3.216180e-06	7	1.359860e-04	1.317780e-05	6	5.417040e-05	4.610100e-06	6	false	GAMG	5.141500e-05	2.828720e-07	4	true
464           	smoothSolver	2.768430e-05	2.366630e-06	7	1.200580e-04	1.062850e-05	6	4.512110e-05	3.512000e-06	6	false	GAMG	7.032020e-05	6.694530e-07	3	true
465           	smoothSolver	3.648680e-05	3.216280e-06	7	1.359800e-04	1.317800e-05	6	5.417010e-05	4.610200e-06	6	false	GAMG	5.140680e-05	2.829230e-07	4	true
466           	smoothSolver	2.768370e-05	2.366710e-06	7	1.200550e-04	1.062920e-05	6	4.512070e-05	3.512200e-06	6	false	GAMG	7.031490e-05	6.694800e-07	3	true
467           	smoothSolver	3.648460e-05	3.216140e-06	7	1.359760e-04	1.317820e-05	6	5.417040e-05	4.610430e-06	6	false	GAMG	5.140230e-05	2.829210e-07	4	true
468           	smoothSolver	2.768180e-05	2.366640e-06	7	1.200450e-04	1.062850e-05	6	4.511890e-05	3.512090e-06	6	false	GAMG	7.030720e-05	6.695400e-07	3	true
469           	smoothSolver	3.648560e-05	3.216430e-06	7	1.359700e-04	1.317830e-05	6	5.416850e-05	4.610400e-06	6	false	GAMG	5.139560e-05	2.829750e-07	4	true
470           	smoothSolver	2.768250e-05	2.366820e-06	7	1.200460e-04	1.062960e-05	6	4.512040e-05	3.512500e-06	6	false	GAMG	7.030340e-05	6.695990e-07	3	true
471           	smoothSolver	3.648320e-05	3.216230e-06	7	1.359660e-04	1.317860e-05	6	5.416960e-05	4.610660e-06	6	false	GAMG	5.138960e-05	2.829760e-07	4	true
472           	smoothSolver	2.768030e-05	2.366730e-06	7	1.200360e-04	1.062910e-05	6	4.511790e-05	3.512340e-06	6	false	GAMG	7.029600e-05	6.696160e-07	3	true
473           	smoothSolver	3.648340e-05	3.216420e-06	7	1.359610e-04	1.317870e-05	6	5.416790e-05	4.610680e-06	6	false	GAMG	5.138500e-05	2.829970e-07	4	true
474           	smoothSolver	2.768050e-05	2.366850e-06	7	1.200340e-04	1.062950e-05	6	4.511890e-05	3.512610e-06	6	false	GAMG	7.029130e-05	6.697130e-07	3	true
475           	smoothSolver	3.648260e-05	3.216430e-06	7	1.359560e-04	1.317890e-05	6	5.416810e-05	4.610820e-06	6	false	GAMG	5.137800e-05	2.830430e-07	4	true
476           	smoothSolver	2.767950e-05	2.366880e-06	7	1.200300e-04	1.062990e-05	6	4.511790e-05	3.512700e-06	6	false	GAMG	7.028610e-05	6.697250e-07	3	true
477           	smoothSolver	3.648110e-05	3.216370e-06	7	1.359520e-04	1.317900e-05	6	5.416790e-05	4.610980e-06	6	false	GAMG	5.137420e-05	2.830460e-07	4	true
478           	smoothSolver	2.767830e-05	2.366860e-06	7	1.200220e-04	1.062950e-05	6	4.511700e-05	3.512680e-06	6	false	GAMG	7.027980e-05	6.697700e-07	3	true
479           	smoothSolver	3.648170e-05	3.216590e-06	7	1.359470e-04	1.317920e-05	6	5.416650e-05	4.610980e-06	6	false	GAMG	5.136800e-05	2.830750e-07	4	true
480           	smoothSolver	2.767870e-05	2.367000e-06	7	1.200230e-04	1.063040e-05	6	4.511780e-05	3.513000e-06	6	false	GAMG	7.027730e-05	6.698500e-07	3	true
481           	smoothSolver	3.647960e-05	3.216420e-06	7	1.359440e-04	1.317940e-05	6	5.416750e-05	4.611210e-06	6	false	GAMG	5.136430e-05	2.831030e-07	4	true
482           	smoothSolver	2.767670e-05	2.366910e-06	7	1.200130e-04	1.062990e-05	6	4.511580e-05	3.512850e-06	6	false	GAMG	7.027180e-05	6.698510e-07	3	true
483           	smoothSolver	3.648000e-05	3.216620e-06	7	1.359390e-04	1.317940e-05	6	5.416580e-05	4.611200e-06	6	false	GAMG	5.136090e-05	2.831210e-07	4	true
484           	smoothSolver	2.767720e-05	2.367040e-06	7	1.200130e-04	1.063040e-05	6	4.511690e-05	3.513140e-06	6	false	GAMG	7.026920e-05	6.699190e-07	3	true
485           	smoothSolver	3.647890e-05	3.216570e-06	7	1.359350e-04	1.317970e-05	6	5.416630e-05	4.611350e-06	6	false	GAMG	5.135620e-05	2.831350e-07	4	true
486           	smoothSolver	2.767600e-05	2.367030e-06	7	1.200070e-04	1.063050e-05	6	4.511550e-05	3.513140e-06	6	false	GAMG	7.026510e-05	6.699630e-07	3	true
487           	smoothSolver	3.647810e-05	3.216580e-06	7	1.359320e-04	1.317970e-05	6	5.416570e-05	4.611460e-06	6	false	GAMG	5.135390e-05	2.831660e-07	4	true
488           	smoothSolver	2.767530e-05	2.367050e-06	7	1.200030e-04	1.063040e-05	6	4.511530e-05	3.513200e-06	6	false	GAMG	7.026120e-05	6.699930e-07	3	true
489           	smoothSolver	3.647830e-05	3.216720e-06	7	1.359270e-04	1.317990e-05	6	5.416490e-05	4.611490e-06	6	false	GAMG	5.134920e-05	2.831850e-07	4	true
490           	smoothSolver	2.767540e-05	2.367140e-06	7	1.200020e-04	1.063100e-05	6	4.511550e-05	3.513430e-06	6	false	GAMG	7.025880e-05	6.700380e-07	3	true
491           	smoothSolver	3.647660e-05	3.216590e-06	7	1.359240e-04	1.318000e-05	6	5.416540e-05	4.611670e-06	6	false	GAMG	5.134640e-05	2.831870e-07	4	true
492           	smoothSolver	2.767390e-05	2.367080e-06	7	1.199940e-04	1.063060e-05	6	4.511400e-05	3.513320e-06	6	false	GAMG	7.025400e-05	6.700620e-07	3	true
493           	smoothSolver	3.647730e-05	3.216780e-06	7	1.359200e-04	1.318010e-05	6	5.416400e-05	4.611660e-06	6	false	GAMG	5.134300e-05	2.832110e-07	4	true
494           	smoothSolver	2.767460e-05	2.367200e-06	7	1.199940e-04	1.063120e-05	6	4.511500e-05	3.513590e-06	6	false	GAMG	7.025200e-05	6.701430e-07	3	true
495           	smoothSolver	3.647640e-05	3.216700e-06	7	1.359170e-04	1.318030e-05	6	5.416460e-05	4.611830e-06	6	false	GAMG	5.133920e-05	2.832460e-07	4	true
496           	smoothSolver	2.767370e-05	2.367170e-06	7	1.199880e-04	1.063110e-05	6	4.511350e-05	3.513540e-06	6	false	GAMG	7.024800e-05	6.701410e-07	3	true
497           	smoothSolver	3.647640e-05	3.216760e-06	7	1.359140e-04	1.318040e-05	6	5.416380e-05	4.611880e-06	6	false	GAMG	5.133700e-05	2.832520e-07	4	true
498           	smoothSolver	2.767380e-05	2.367230e-06	7	1.199870e-04	1.063120e-05	6	4.511370e-05	3.513660e-06	6	false	GAMG	7.024500e-05	6.701890e-07	3	true
499           	smoothSolver	3.647660e-05	3.216850e-06	7	1.359110e-04	1.318050e-05	6	5.416340e-05	4.611930e-06	6	false	GAMG	5.133290e-05	2.832700e-07	4	true
500           	smoothSolver	2.767380e-05	2.367300e-06	7	1.199850e-04	1.063160e-05	6	4.511350e-05	3.513800e-06	6	false	GAMG	7.024250e-05	6.702220e-07	3	true
