# Force and moment coefficients
# dragDir     : (1.000000e+00 0.000000e+00 0.000000e+00)
# sideDir     : (0.000000e+00 1.000000e+00 0.000000e+00)
# liftDir     : (0.000000e+00 0.000000e+00 1.000000e+00)
# rollAxis    : (1.000000e+00 0.000000e+00 0.000000e+00)
# pitchAxis   : (0.000000e+00 1.000000e+00 0.000000e+00)
# yawAxis     : (0.000000e+00 0.000000e+00 1.000000e+00)
# magUInf     : 2.000000e+01
# lRef        : 1.420000e+00
# Aref        : 7.500000e-01
# CofR        : (7.200000e-01 0.000000e+00 0.000000e+00)
#
# Time        	Cd            	Cd(f)         	Cd(r)         	Cl            	Cl(f)         	Cl(r)         	CmPitch       	CmRoll        	CmYaw         	Cs            	Cs(f)         	Cs(r)         
1             	2.111318e-03	1.061376e-03	1.049942e-03	5.401068e-05	7.703039e-05	-2.301971e-05	5.002505e-05	5.717034e-06	-5.877966e-05	-2.565645e-05	-7.160789e-05	4.595144e-05
2             	2.432400e-03	1.224651e-03	1.207749e-03	1.421340e-04	1.698844e-04	-2.775037e-05	9.881738e-05	8.450708e-06	-5.480643e-05	-5.635149e-05	-8.298217e-05	2.663068e-05
3             	2.665545e-03	1.344002e-03	1.321543e-03	2.269698e-04	2.584583e-04	-3.148844e-05	1.449733e-04	1.122959e-05	-5.317815e-05	-7.630474e-05	-9.133052e-05	1.502578e-05
4             	2.805924e-03	1.416034e-03	1.389890e-03	2.906392e-04	3.245832e-04	-3.394394e-05	1.792636e-04	1.307185e-05	-5.221171e-05	-8.872250e-05	-9.657296e-05	7.850461e-06
5             	2.869932e-03	1.449334e-03	1.420599e-03	3.421104e-04	3.774367e-04	-3.532633e-05	2.063815e-04	1.436763e-05	-5.114012e-05	-9.620304e-05	-9.924164e-05	3.038601e-06
6             	2.877273e-03	1.454809e-03	1.422464e-03	3.998777e-04	4.358852e-04	-3.600755e-05	2.359464e-04	1.617280e-05	-4.979292e-05	-1.004274e-04	-1.000066e-04	-4.207939e-07
7             	2.839011e-03	1.437373e-03	1.401639e-03	4.561286e-04	4.922068e-04	-3.607824e-05	2.641425e-04	1.786688e-05	-4.922231e-05	-1.001994e-04	-9.932201e-05	-8.773881e-07
8             	2.767997e-03	1.403341e-03	1.364656e-03	5.075117e-04	5.431973e-04	-3.568557e-05	2.894414e-04	1.934276e-05	-5.025398e-05	-9.482957e-05	-9.766876e-05	2.839197e-06
9             	2.697702e-03	1.369065e-03	1.328636e-03	5.465068e-04	5.817427e-04	-3.523589e-05	3.084893e-04	2.021450e-05	-5.042793e-05	-9.064196e-05	-9.574891e-05	5.106945e-06
10            	2.625647e-03	1.333473e-03	1.292174e-03	5.730530e-04	6.077071e-04	-3.465412e-05	3.211806e-04	2.064966e-05	-4.976937e-05	-8.769157e-05	-9.361516e-05	5.923590e-06
11            	2.556933e-03	1.298913e-03	1.258020e-03	5.806747e-04	6.146747e-04	-3.400004e-05	3.243374e-04	2.044646e-05	-4.834181e-05	-8.613997e-05	-9.141180e-05	5.271823e-06
12            	2.488511e-03	1.264006e-03	1.224505e-03	5.806118e-04	6.139024e-04	-3.329061e-05	3.235965e-04	1.975035e-05	-4.974436e-05	-7.913610e-05	-8.931241e-05	1.017631e-05
13            	2.434213e-03	1.236080e-03	1.198134e-03	5.755951e-04	6.083346e-04	-3.273955e-05	3.205371e-04	1.897290e-05	-5.083951e-05	-7.358630e-05	-8.763266e-05	1.404636e-05
14            	2.392662e-03	1.214656e-03	1.178005e-03	5.735857e-04	6.059096e-04	-3.232392e-05	3.191168e-04	1.832546e-05	-5.174599e-05	-6.923882e-05	-8.636540e-05	1.712658e-05
15            	2.360618e-03	1.198202e-03	1.162416e-03	5.723016e-04	6.043208e-04	-3.201922e-05	3.181700e-04	1.789303e-05	-5.202612e-05	-6.671056e-05	-8.538140e-05	1.867084e-05
16            	2.334907e-03	1.185016e-03	1.149891e-03	5.747838e-04	6.065853e-04	-3.180150e-05	3.191934e-04	1.756223e-05	-5.311970e-05	-6.305054e-05	-8.464497e-05	2.159443e-05
17            	2.314849e-03	1.174923e-03	1.139926e-03	5.786103e-04	6.102760e-04	-3.166573e-05	3.209709e-04	1.749868e-05	-5.401570e-05	-6.024742e-05	-8.413941e-05	2.389199e-05
18            	2.312424e-03	1.173908e-03	1.138516e-03	5.903676e-04	6.221316e-04	-3.176391e-05	3.269477e-04	1.769599e-05	-5.354971e-05	-6.100712e-05	-8.405327e-05	2.304614e-05
19            	2.303861e-03	1.170072e-03	1.133789e-03	6.033192e-04	6.351206e-04	-3.180142e-05	3.334610e-04	1.814137e-05	-5.430145e-05	-5.932285e-05	-8.396287e-05	2.464003e-05
20            	2.304873e-03	1.171046e-03	1.133827e-03	6.184460e-04	6.503928e-04	-3.194687e-05	3.411699e-04	1.860984e-05	-5.361521e-05	-6.083368e-05	-8.403204e-05	2.319837e-05
21            	2.303898e-03	1.171280e-03	1.132618e-03	6.372057e-04	6.693062e-04	-3.210044e-05	3.507033e-04	1.933093e-05	-5.375628e-05	-6.075861e-05	-8.413558e-05	2.337697e-05
22            	2.306136e-03	1.172979e-03	1.133156e-03	6.549986e-04	6.872753e-04	-3.227672e-05	3.597760e-04	1.991133e-05	-5.351313e-05	-6.153913e-05	-8.428270e-05	2.274357e-05
23            	2.306219e-03	1.173719e-03	1.132500e-03	6.727265e-04	7.051578e-04	-3.243135e-05	3.687946e-04	2.060992e-05	-5.382244e-05	-6.125106e-05	-8.444796e-05	2.319691e-05
24            	2.310154e-03	1.176293e-03	1.133860e-03	6.898533e-04	7.224732e-04	-3.261993e-05	3.775466e-04	2.121661e-05	-5.338520e-05	-6.248816e-05	-8.462928e-05	2.214112e-05
25            	2.311105e-03	1.177480e-03	1.133625e-03	7.070462e-04	7.398264e-04	-3.278020e-05	3.863033e-04	2.192766e-05	-5.363852e-05	-6.234370e-05	-8.481037e-05	2.246667e-05
26            	2.315473e-03	1.180261e-03	1.135212e-03	7.236920e-04	7.566587e-04	-3.296674e-05	3.948127e-04	2.252435e-05	-5.317350e-05	-6.364558e-05	-8.499629e-05	2.135071e-05
27            	2.315917e-03	1.181133e-03	1.134784e-03	7.393107e-04	7.724170e-04	-3.310632e-05	4.027617e-04	2.317450e-05	-5.344066e-05	-6.341550e-05	-8.514841e-05	2.173291e-05
28            	2.320229e-03	1.183810e-03	1.136419e-03	7.539881e-04	7.872670e-04	-3.327889e-05	4.102729e-04	2.369522e-05	-5.298795e-05	-6.466764e-05	-8.532177e-05	2.065413e-05
29            	2.320544e-03	1.184521e-03	1.136023e-03	7.673409e-04	8.007415e-04	-3.340058e-05	4.170710e-04	2.424884e-05	-5.325562e-05	-6.439302e-05	-8.545213e-05	2.105911e-05
30            	2.324474e-03	1.186951e-03	1.137523e-03	7.803962e-04	8.139510e-04	-3.355483e-05	4.237529e-04	2.471368e-05	-5.279384e-05	-6.559881e-05	-8.559324e-05	1.999444e-05
31            	2.324607e-03	1.187521e-03	1.137086e-03	7.923260e-04	8.259889e-04	-3.366288e-05	4.298259e-04	2.521759e-05	-5.311747e-05	-6.518174e-05	-8.570834e-05	2.052660e-05
32            	2.328282e-03	1.189750e-03	1.138532e-03	8.035131e-04	8.373128e-04	-3.379966e-05	4.355562e-04	2.560912e-05	-5.270682e-05	-6.625628e-05	-8.583496e-05	1.957867e-05
33            	2.328289e-03	1.190177e-03	1.138111e-03	8.135293e-04	8.474200e-04	-3.389075e-05	4.406554e-04	2.603299e-05	-5.301974e-05	-6.581933e-05	-8.592941e-05	2.011008e-05
34            	2.331578e-03	1.192127e-03	1.139451e-03	8.226597e-04	8.566680e-04	-3.400837e-05	4.453382e-04	2.633771e-05	-5.264513e-05	-6.677342e-05	-8.603184e-05	1.925842e-05
35            	2.331506e-03	1.192436e-03	1.139069e-03	8.308420e-04	8.649267e-04	-3.408470e-05	4.495057e-04	2.668353e-05	-5.297469e-05	-6.627822e-05	-8.611380e-05	1.983557e-05
36            	2.334349e-03	1.194103e-03	1.140247e-03	8.383498e-04	8.725332e-04	-3.418332e-05	4.533582e-04	2.692813e-05	-5.262098e-05	-6.714439e-05	-8.619317e-05	1.904878e-05
37            	2.334177e-03	1.194306e-03	1.139870e-03	8.450975e-04	8.793436e-04	-3.424606e-05	4.567948e-04	2.721802e-05	-5.294620e-05	-6.662872e-05	-8.626056e-05	1.963184e-05
38            	2.336748e-03	1.195765e-03	1.140983e-03	8.509688e-04	8.852978e-04	-3.432899e-05	4.598134e-04	2.739092e-05	-5.265784e-05	-6.734123e-05	-8.632845e-05	1.898723e-05
39            	2.336479e-03	1.195855e-03	1.140625e-03	8.562265e-04	8.906045e-04	-3.437801e-05	4.624913e-04	2.761500e-05	-5.298371e-05	-6.679986e-05	-8.638364e-05	1.958378e-05
40            	2.338620e-03	1.197055e-03	1.141566e-03	8.608804e-04	8.953255e-04	-3.444510e-05	4.648853e-04	2.774457e-05	-5.271261e-05	-6.743602e-05	-8.643062e-05	1.899460e-05
41            	2.338362e-03	1.197119e-03	1.141243e-03	8.652240e-04	8.997102e-04	-3.448625e-05	4.670982e-04	2.793800e-05	-5.304767e-05	-6.686882e-05	-8.648208e-05	1.961325e-05
42            	2.340258e-03	1.198155e-03	1.142103e-03	8.688194e-04	9.033607e-04	-3.454125e-05	4.689510e-04	2.802614e-05	-5.282138e-05	-6.739906e-05	-8.652091e-05	1.912184e-05
43            	2.339916e-03	1.198141e-03	1.141776e-03	8.722551e-04	9.068278e-04	-3.457271e-05	4.707002e-04	2.818243e-05	-5.314999e-05	-6.682531e-05	-8.656264e-05	1.973734e-05
44            	2.341558e-03	1.199011e-03	1.142547e-03	8.749000e-04	9.095170e-04	-3.461706e-05	4.720670e-04	2.823182e-05	-5.295984e-05	-6.726394e-05	-8.659181e-05	1.932787e-05
45            	2.341245e-03	1.198981e-03	1.142264e-03	8.775915e-04	9.122338e-04	-3.464235e-05	4.734381e-04	2.835885e-05	-5.328944e-05	-6.668477e-05	-8.663182e-05	1.994706e-05
46            	2.342618e-03	1.199700e-03	1.142919e-03	8.796269e-04	9.143042e-04	-3.467730e-05	4.744908e-04	2.839038e-05	-5.310322e-05	-6.709273e-05	-8.664958e-05	1.955685e-05
47            	2.342307e-03	1.199660e-03	1.142647e-03	8.819123e-04	9.166104e-04	-3.469813e-05	4.756543e-04	2.850620e-05	-5.342311e-05	-6.652578e-05	-8.668600e-05	2.016022e-05
48            	2.343554e-03	1.200287e-03	1.143267e-03	8.833063e-04	9.180328e-04	-3.472652e-05	4.763797e-04	2.850962e-05	-5.327394e-05	-6.685506e-05	-8.670147e-05	1.984641e-05
49            	2.343216e-03	1.200207e-03	1.143009e-03	8.850156e-04	9.197573e-04	-3.474167e-05	4.772495e-04	2.859931e-05	-5.358345e-05	-6.629989e-05	-8.673339e-05	2.043350e-05
50            	2.344224e-03	1.200703e-03	1.143521e-03	8.859995e-04	9.207625e-04	-3.476306e-05	4.777628e-04	2.859128e-05	-5.343032e-05	-6.661606e-05	-8.673835e-05	2.012229e-05
51            	2.343959e-03	1.200659e-03	1.143300e-03	8.875307e-04	9.223077e-04	-3.477701e-05	4.785424e-04	2.867980e-05	-5.373129e-05	-6.608162e-05	-8.677210e-05	2.069048e-05
52            	2.344881e-03	1.201103e-03	1.143779e-03	8.882238e-04	9.230182e-04	-3.479438e-05	4.789063e-04	2.866209e-05	-5.359040e-05	-6.637077e-05	-8.677578e-05	2.040501e-05
53            	2.344619e-03	1.201053e-03	1.143566e-03	8.895500e-04	9.243556e-04	-3.480559e-05	4.795806e-04	2.874316e-05	-5.387041e-05	-6.587209e-05	-8.680646e-05	2.093437e-05
54            	2.345455e-03	1.201443e-03	1.144012e-03	8.899858e-04	9.248055e-04	-3.481978e-05	4.798127e-04	2.871584e-05	-5.373619e-05	-6.614339e-05	-8.680788e-05	2.066449e-05
55            	2.345266e-03	1.201425e-03	1.143841e-03	8.911482e-04	9.259784e-04	-3.483022e-05	4.804043e-04	2.879181e-05	-5.400210e-05	-6.567735e-05	-8.684077e-05	2.116342e-05
56            	2.345950e-03	1.201739e-03	1.144211e-03	8.914477e-04	9.262884e-04	-3.484067e-05	4.805645e-04	2.876416e-05	-5.385445e-05	-6.596286e-05	-8.683587e-05	2.087302e-05
57            	2.345758e-03	1.201719e-03	1.144038e-03	8.925348e-04	9.273847e-04	-3.484985e-05	4.811173e-04	2.884057e-05	-5.410383e-05	-6.552549e-05	-8.686658e-05	2.134109e-05
58            	2.346378e-03	1.201989e-03	1.144390e-03	8.925731e-04	9.274309e-04	-3.485778e-05	4.811443e-04	2.879966e-05	-5.397485e-05	-6.577281e-05	-8.686126e-05	2.108845e-05
59            	2.346168e-03	1.201946e-03	1.144222e-03	8.933983e-04	9.282627e-04	-3.486442e-05	4.815636e-04	2.886222e-05	-5.421109e-05	-6.535602e-05	-8.688910e-05	2.153308e-05
60            	2.346639e-03	1.202139e-03	1.144500e-03	8.933046e-04	9.281736e-04	-3.486903e-05	4.815213e-04	2.881933e-05	-5.406859e-05	-6.561581e-05	-8.687649e-05	2.126068e-05
61            	2.346482e-03	1.202128e-03	1.144354e-03	8.941514e-04	9.290276e-04	-3.487622e-05	4.819519e-04	2.888699e-05	-5.429527e-05	-6.522124e-05	-8.690590e-05	2.168465e-05
62            	2.346920e-03	1.202300e-03	1.144621e-03	8.939427e-04	9.288221e-04	-3.487941e-05	4.818508e-04	2.883932e-05	-5.416019e-05	-6.546664e-05	-8.689351e-05	2.142687e-05
63            	2.346741e-03	1.202272e-03	1.144469e-03	8.946806e-04	9.295656e-04	-3.488498e-05	4.822253e-04	2.890120e-05	-5.437244e-05	-6.509448e-05	-8.691968e-05	2.182520e-05
64            	2.347107e-03	1.202401e-03	1.144706e-03	8.943312e-04	9.292175e-04	-3.488635e-05	4.820519e-04	2.884730e-05	-5.424037e-05	-6.532848e-05	-8.690462e-05	2.157613e-05
65            	2.346973e-03	1.202393e-03	1.144580e-03	8.950020e-04	9.298940e-04	-3.489199e-05	4.823930e-04	2.890681e-05	-5.444710e-05	-6.497061e-05	-8.693241e-05	2.196180e-05
66            	2.347262e-03	1.202486e-03	1.144776e-03	8.946372e-04	9.295289e-04	-3.489179e-05	4.822104e-04	2.885537e-05	-5.430638e-05	-6.521546e-05	-8.691411e-05	2.169865e-05
67            	2.347139e-03	1.202489e-03	1.144651e-03	8.953554e-04	9.302529e-04	-3.489751e-05	4.825752e-04	2.891899e-05	-5.450236e-05	-6.487745e-05	-8.694109e-05	2.206364e-05
68            	2.347421e-03	1.202571e-03	1.144849e-03	8.948879e-04	9.297847e-04	-3.489679e-05	4.823407e-04	2.886091e-05	-5.437660e-05	-6.509532e-05	-8.692426e-05	2.182894e-05
69            	2.347303e-03	1.202568e-03	1.144735e-03	8.954723e-04	9.303738e-04	-3.490152e-05	4.826377e-04	2.891629e-05	-5.456512e-05	-6.477061e-05	-8.695043e-05	2.217982e-05
70            	2.347485e-03	1.202603e-03	1.144882e-03	8.949865e-04	9.298856e-04	-3.489910e-05	4.823924e-04	2.886051e-05	-5.442667e-05	-6.500393e-05	-8.692864e-05	2.192471e-05
71            	2.347414e-03	1.202630e-03	1.144783e-03	8.956658e-04	9.305708e-04	-3.490499e-05	4.827379e-04	2.892338e-05	-5.460934e-05	-6.469454e-05	-8.695661e-05	2.226207e-05
72            	2.347601e-03	1.202665e-03	1.144935e-03	8.951359e-04	9.300382e-04	-3.490236e-05	4.824703e-04	2.886482e-05	-5.448034e-05	-6.491258e-05	-8.693663e-05	2.202404e-05
73            	2.347513e-03	1.202679e-03	1.144834e-03	8.957434e-04	9.306506e-04	-3.490723e-05	4.827789e-04	2.892272e-05	-5.465322e-05	-6.461820e-05	-8.696232e-05	2.234412e-05
74            	2.347644e-03	1.202684e-03	1.144960e-03	8.951551e-04	9.300587e-04	-3.490357e-05	4.824811e-04	2.886191e-05	-5.452259e-05	-6.483457e-05	-8.693987e-05	2.210530e-05
75            	2.347603e-03	1.202723e-03	1.144880e-03	8.957720e-04	9.306812e-04	-3.490919e-05	4.827952e-04	2.892116e-05	-5.469224e-05	-6.455070e-05	-8.696759e-05	2.241689e-05
76            	2.347696e-03	1.202711e-03	1.144985e-03	8.952042e-04	9.301091e-04	-3.490491e-05	4.825070e-04	2.886307e-05	-5.455678e-05	-6.477409e-05	-8.694383e-05	2.216974e-05
77            	2.347658e-03	1.202754e-03	1.144904e-03	8.958687e-04	9.307793e-04	-3.491063e-05	4.828450e-04	2.892524e-05	-5.471781e-05	-6.450537e-05	-8.697050e-05	2.246513e-05
78            	2.347754e-03	1.202739e-03	1.145015e-03	8.952327e-04	9.301390e-04	-3.490625e-05	4.825226e-04	2.886216e-05	-5.459335e-05	-6.470935e-05	-8.694802e-05	2.223868e-05
79            	2.347730e-03	1.202784e-03	1.144946e-03	8.958143e-04	9.307259e-04	-3.491159e-05	4.828187e-04	2.891875e-05	-5.475048e-05	-6.444861e-05	-8.697479e-05	2.252617e-05
80            	2.347755e-03	1.202737e-03	1.145018e-03	8.951994e-04	9.301055e-04	-3.490616e-05	4.825058e-04	2.885927e-05	-5.461420e-05	-6.466869e-05	-8.694854e-05	2.227985e-05
81            	2.347767e-03	1.202807e-03	1.144960e-03	8.958861e-04	9.307988e-04	-3.491262e-05	4.828557e-04	2.892309e-05	-5.476688e-05	-6.441944e-05	-8.697661e-05	2.255716e-05
82            	2.347812e-03	1.202767e-03	1.145045e-03	8.952396e-04	9.301470e-04	-3.490742e-05	4.825272e-04	2.886070e-05	-5.464167e-05	-6.462213e-05	-8.695274e-05	2.233061e-05
83            	2.347813e-03	1.202825e-03	1.144987e-03	8.958543e-04	9.307673e-04	-3.491307e-05	4.828402e-04	2.891910e-05	-5.478825e-05	-6.438180e-05	-8.697915e-05	2.259735e-05
84            	2.347804e-03	1.202759e-03	1.145046e-03	8.951849e-04	9.300919e-04	-3.490703e-05	4.824995e-04	2.885655e-05	-5.465846e-05	-6.458826e-05	-8.695259e-05	2.236433e-05
85            	2.347849e-03	1.202843e-03	1.145006e-03	8.958477e-04	9.307614e-04	-3.491369e-05	4.828375e-04	2.891851e-05	-5.480388e-05	-6.435450e-05	-8.698113e-05	2.262663e-05
86            	2.347830e-03	1.202772e-03	1.145057e-03	8.951967e-04	9.301042e-04	-3.490750e-05	4.825058e-04	2.885750e-05	-5.467441e-05	-6.456060e-05	-8.695471e-05	2.239411e-05
87            	2.347869e-03	1.202854e-03	1.145014e-03	8.958795e-04	9.307935e-04	-3.491400e-05	4.828538e-04	2.892020e-05	-5.481359e-05	-6.433674e-05	-8.698196e-05	2.264522e-05
88            	2.347845e-03	1.202778e-03	1.145067e-03	8.951780e-04	9.300857e-04	-3.490771e-05	4.824967e-04	2.885551e-05	-5.469174e-05	-6.452869e-05	-8.695608e-05	2.242739e-05
89            	2.347905e-03	1.202868e-03	1.145038e-03	8.958141e-04	9.307284e-04	-3.491423e-05	4.828213e-04	2.891503e-05	-5.482965e-05	-6.430892e-05	-8.698411e-05	2.267519e-05
90            	2.347832e-03	1.202770e-03	1.145062e-03	8.951448e-04	9.300520e-04	-3.490726e-05	4.824796e-04	2.885398e-05	-5.469887e-05	-6.451348e-05	-8.695561e-05	2.244213e-05
91            	2.347914e-03	1.202876e-03	1.145038e-03	8.958671e-04	9.307817e-04	-3.491459e-05	4.828481e-04	2.891913e-05	-5.483335e-05	-6.430185e-05	-8.698427e-05	2.268242e-05
92            	2.347865e-03	1.202787e-03	1.145078e-03	8.951637e-04	9.300717e-04	-3.490794e-05	4.824898e-04	2.885480e-05	-5.471400e-05	-6.448819e-05	-8.695810e-05	2.246991e-05
93            	2.347941e-03	1.202885e-03	1.145056e-03	8.958116e-04	9.307262e-04	-3.491461e-05	4.828204e-04	2.891446e-05	-5.484512e-05	-6.428128e-05	-8.698576e-05	2.270448e-05
94            	2.347840e-03	1.202771e-03	1.145069e-03	8.951066e-04	9.300138e-04	-3.490721e-05	4.824605e-04	2.885140e-05	-5.471921e-05	-6.447520e-05	-8.695681e-05	2.248161e-05
95            	2.347954e-03	1.202893e-03	1.145061e-03	8.958220e-04	9.307369e-04	-3.491490e-05	4.828259e-04	2.891581e-05	-5.484973e-05	-6.427319e-05	-8.698632e-05	2.271313e-05
96            	2.347861e-03	1.202783e-03	1.145077e-03	8.951232e-04	9.300308e-04	-3.490761e-05	4.824692e-04	2.885289e-05	-5.472795e-05	-6.446108e-05	-8.695849e-05	2.249741e-05
97            	2.347964e-03	1.202898e-03	1.145066e-03	8.958285e-04	9.307434e-04	-3.491492e-05	4.828292e-04	2.891601e-05	-5.485374e-05	-6.426575e-05	-8.698662e-05	2.272087e-05
98            	2.347856e-03	1.202779e-03	1.145077e-03	8.950935e-04	9.300009e-04	-3.490740e-05	4.824541e-04	2.885076e-05	-5.473550e-05	-6.444591e-05	-8.695845e-05	2.251254e-05
99            	2.347984e-03	1.202905e-03	1.145079e-03	8.957813e-04	9.306964e-04	-3.491501e-05	4.828057e-04	2.891277e-05	-5.486143e-05	-6.425270e-05	-8.698778e-05	2.273508e-05
100           	2.347847e-03	1.202774e-03	1.145073e-03	8.950782e-04	9.299853e-04	-3.490710e-05	4.824462e-04	2.885057e-05	-5.473742e-05	-6.444137e-05	-8.695811e-05	2.251674e-05
101           	2.347984e-03	1.202908e-03	1.145076e-03	8.958275e-04	9.307427e-04	-3.491516e-05	4.828289e-04	2.891642e-05	-5.486020e-05	-6.425441e-05	-8.698740e-05	2.273299e-05
102           	2.347866e-03	1.202784e-03	1.145082e-03	8.950880e-04	9.299955e-04	-3.490752e-05	4.824515e-04	2.885089e-05	-5.474628e-05	-6.442663e-05	-8.695960e-05	2.253297e-05
103           	2.348003e-03	1.202914e-03	1.145090e-03	8.957705e-04	9.306856e-04	-3.491511e-05	4.828004e-04	2.891195e-05	-5.486754e-05	-6.424189e-05	-8.698848e-05	2.274659e-05
104           	2.347840e-03	1.202768e-03	1.145071e-03	8.950436e-04	9.299505e-04	-3.490682e-05	4.824286e-04	2.884857e-05	-5.474614e-05	-6.442393e-05	-8.695810e-05	2.253417e-05
105           	2.348006e-03	1.202918e-03	1.145088e-03	8.957987e-04	9.307140e-04	-3.491531e-05	4.828147e-04	2.891463e-05	-5.486678e-05	-6.424321e-05	-8.698838e-05	2.274517e-05
106           	2.347860e-03	1.202780e-03	1.145080e-03	8.950653e-04	9.299726e-04	-3.490728e-05	4.824399e-04	2.885020e-05	-5.475199e-05	-6.441535e-05	-8.695967e-05	2.254431e-05
107           	2.348014e-03	1.202920e-03	1.145093e-03	8.957873e-04	9.307025e-04	-3.491525e-05	4.828089e-04	2.891353e-05	-5.486924e-05	-6.423881e-05	-8.698865e-05	2.274983e-05
108           	2.347845e-03	1.202771e-03	1.145075e-03	8.950320e-04	9.299388e-04	-3.490686e-05	4.824228e-04	2.884809e-05	-5.475426e-05	-6.440919e-05	-8.695886e-05	2.254967e-05
109           	2.348025e-03	1.202925e-03	1.145100e-03	8.957624e-04	9.306777e-04	-3.491534e-05	4.827965e-04	2.891214e-05	-5.487224e-05	-6.423395e-05	-8.698922e-05	2.275527e-05
110           	2.347844e-03	1.202771e-03	1.145073e-03	8.950314e-04	9.299382e-04	-3.490680e-05	4.824225e-04	2.884875e-05	-5.475491e-05	-6.440811e-05	-8.695896e-05	2.255085e-05
111           	2.348023e-03	1.202926e-03	1.145097e-03	8.957963e-04	9.307116e-04	-3.491539e-05	4.828135e-04	2.891474e-05	-5.486989e-05	-6.423782e-05	-8.698880e-05	2.275099e-05
112           	2.347853e-03	1.202775e-03	1.145078e-03	8.950309e-04	9.299379e-04	-3.490699e-05	4.824224e-04	2.884846e-05	-5.476014e-05	-6.439915e-05	-8.695971e-05	2.256056e-05
113           	2.348039e-03	1.202931e-03	1.145109e-03	8.957468e-04	9.306622e-04	-3.491537e-05	4.827888e-04	2.891104e-05	-5.487468e-05	-6.422997e-05	-8.698967e-05	2.275970e-05
114           	2.347832e-03	1.202763e-03	1.145069e-03	8.950019e-04	9.299083e-04	-3.490647e-05	4.824074e-04	2.884723e-05	-5.475804e-05	-6.440087e-05	-8.695848e-05	2.255761e-05
115           	2.348039e-03	1.202933e-03	1.145105e-03	8.957827e-04	9.306983e-04	-3.491553e-05	4.828069e-04	2.891416e-05	-5.487159e-05	-6.423542e-05	-8.698930e-05	2.275388e-05
116           	2.347852e-03	1.202774e-03	1.145077e-03	8.950216e-04	9.299286e-04	-3.490691e-05	4.824177e-04	2.884854e-05	-5.476261e-05	-6.439451e-05	-8.695986e-05	2.256535e-05
117           	2.348048e-03	1.202936e-03	1.145112e-03	8.957582e-04	9.306737e-04	-3.491548e-05	4.827946e-04	2.891209e-05	-5.487386e-05	-6.423170e-05	-8.698971e-05	2.275801e-05
118           	2.347833e-03	1.202763e-03	1.145070e-03	8.949885e-04	9.298950e-04	-3.490642e-05	4.824007e-04	2.884662e-05	-5.476206e-05	-6.439334e-05	-8.695873e-05	2.256539e-05
119           	2.348055e-03	1.202940e-03	1.145115e-03	8.957544e-04	9.306700e-04	-3.491560e-05	4.827928e-04	2.891229e-05	-5.487386e-05	-6.423210e-05	-8.698991e-05	2.275781e-05
120           	2.347838e-03	1.202767e-03	1.145072e-03	8.949976e-04	9.299041e-04	-3.490656e-05	4.824054e-04	2.884771e-05	-5.476296e-05	-6.439259e-05	-8.695926e-05	2.256666e-05
121           	2.348055e-03	1.202941e-03	1.145114e-03	8.957724e-04	9.306881e-04	-3.491560e-05	4.828018e-04	2.891359e-05	-5.487201e-05	-6.423527e-05	-8.698965e-05	2.275438e-05
122           	2.347839e-03	1.202766e-03	1.145072e-03	8.949873e-04	9.298938e-04	-3.490654e-05	4.824002e-04	2.884689e-05	-5.476574e-05	-6.438726e-05	-8.695937e-05	2.257210e-05
123           	2.348067e-03	1.202945e-03	1.145123e-03	8.957348e-04	9.306504e-04	-3.491562e-05	4.827830e-04	2.891092e-05	-5.487498e-05	-6.423062e-05	-8.699029e-05	2.275967e-05
124           	2.347824e-03	1.202759e-03	1.145066e-03	8.949713e-04	9.298775e-04	-3.490620e-05	4.823918e-04	2.884649e-05	-5.476364e-05	-6.438987e-05	-8.695857e-05	2.256870e-05
125           	2.348065e-03	1.202946e-03	1.145118e-03	8.957696e-04	9.306853e-04	-3.491573e-05	4.828005e-04	2.891381e-05	-5.487144e-05	-6.423679e-05	-8.698983e-05	2.275304e-05
126           	2.347839e-03	1.202767e-03	1.145072e-03	8.949842e-04	9.298907e-04	-3.490655e-05	4.823986e-04	2.884724e-05	-5.476748e-05	-6.438430e-05	-8.695963e-05	2.257532e-05
127           	2.348075e-03	1.202949e-03	1.145126e-03	8.957374e-04	9.306530e-04	-3.491568e-05	4.827844e-04	2.891126e-05	-5.487392e-05	-6.423281e-05	-8.699033e-05	2.275752e-05
128           	2.347819e-03	1.202755e-03	1.145064e-03	8.949544e-04	9.298604e-04	-3.490606e-05	4.823833e-04	2.884568e-05	-5.476575e-05	-6.438541e-05	-8.695845e-05	2.257305e-05
129           	2.348077e-03	1.202951e-03	1.145126e-03	8.957485e-04	9.306643e-04	-3.491581e-05	4.827901e-04	2.891256e-05	-5.487232e-05	-6.423588e-05	-8.699026e-05	2.275438e-05
130           	2.347829e-03	1.202761e-03	1.145068e-03	8.949674e-04	9.298737e-04	-3.490631e-05	4.823900e-04	2.884684e-05	-5.476743e-05	-6.438361e-05	-8.695924e-05	2.257563e-05
131           	2.348080e-03	1.202953e-03	1.145127e-03	8.957505e-04	9.306663e-04	-3.491578e-05	4.827911e-04	2.891261e-05	-5.487164e-05	-6.423715e-05	-8.699021e-05	2.275306e-05
132           	2.347822e-03	1.202757e-03	1.145065e-03	8.949496e-04	9.298557e-04	-3.490612e-05	4.823809e-04	2.884569e-05	-5.476844e-05	-6.438086e-05	-8.695887e-05	2.257801e-05
133           	2.348089e-03	1.202956e-03	1.145133e-03	8.957263e-04	9.306421e-04	-3.491583e-05	4.827790e-04	2.891108e-05	-5.487310e-05	-6.423507e-05	-8.699064e-05	2.275556e-05
134           	2.347816e-03	1.202754e-03	1.145062e-03	8.949435e-04	9.298495e-04	-3.490598e-05	4.823777e-04	2.884586e-05	-5.476714e-05	-6.438287e-05	-8.695857e-05	2.257571e-05
135           	2.348087e-03	1.202957e-03	1.145130e-03	8.957535e-04	9.306694e-04	-3.491589e-05	4.827927e-04	2.891328e-05	-5.487004e-05	-6.424040e-05	-8.699024e-05	2.274984e-05
136           	2.347825e-03	1.202758e-03	1.145066e-03	8.949478e-04	9.298540e-04	-3.490618e-05	4.823801e-04	2.884603e-05	-5.477010e-05	-6.437826e-05	-8.695923e-05	2.258097e-05
137           	2.348097e-03	1.202959e-03	1.145138e-03	8.957210e-04	9.306369e-04	-3.491587e-05	4.827764e-04	2.891082e-05	-5.487237e-05	-6.423676e-05	-8.699075e-05	2.275399e-05
138           	2.347808e-03	1.202749e-03	1.145059e-03	8.949245e-04	9.298303e-04	-3.490578e-05	4.823680e-04	2.884497e-05	-5.476807e-05	-6.438032e-05	-8.695823e-05	2.257791e-05
139           	2.348097e-03	1.202961e-03	1.145136e-03	8.957403e-04	9.306563e-04	-3.491599e-05	4.827861e-04	2.891264e-05	-5.486998e-05	-6.424109e-05	-8.699052e-05	2.274944e-05
140           	2.347819e-03	1.202756e-03	1.145064e-03	8.949377e-04	9.298438e-04	-3.490606e-05	4.823749e-04	2.884596e-05	-5.477020e-05	-6.437776e-05	-8.695908e-05	2.258132e-05
141           	2.348102e-03	1.202963e-03	1.145139e-03	8.957304e-04	9.306464e-04	-3.491596e-05	4.827812e-04	2.891179e-05	-5.487033e-05	-6.424066e-05	-8.699066e-05	2.275000e-05
142           	2.347808e-03	1.202749e-03	1.145059e-03	8.949166e-04	9.298224e-04	-3.490579e-05	4.823641e-04	2.884473e-05	-5.477003e-05	-6.437679e-05	-8.695843e-05	2.258164e-05
143           	2.348107e-03	1.202965e-03	1.145142e-03	8.957198e-04	9.306359e-04	-3.491603e-05	4.827759e-04	2.891133e-05	-5.487055e-05	-6.424064e-05	-8.699087e-05	2.275023e-05
144           	2.347808e-03	1.202749e-03	1.145059e-03	8.949180e-04	9.298238e-04	-3.490579e-05	4.823648e-04	2.884525e-05	-5.476973e-05	-6.437759e-05	-8.695853e-05	2.258094e-05
145           	2.348106e-03	1.202966e-03	1.145141e-03	8.957368e-04	9.306529e-04	-3.491605e-05	4.827845e-04	2.891265e-05	-5.486844e-05	-6.424433e-05	-8.699060e-05	2.274627e-05
146           	2.347811e-03	1.202750e-03	1.145061e-03	8.949146e-04	9.298205e-04	-3.490586e-05	4.823632e-04	2.884495e-05	-5.477176e-05	-6.437405e-05	-8.695878e-05	2.258473e-05
147           	2.348115e-03	1.202968e-03	1.145147e-03	8.957088e-04	9.306249e-04	-3.491606e-05	4.827705e-04	2.891063e-05	-5.487034e-05	-6.424142e-05	-8.699105e-05	2.274963e-05
148           	2.347799e-03	1.202744e-03	1.145055e-03	8.948993e-04	9.298049e-04	-3.490557e-05	4.823552e-04	2.884440e-05	-5.476997e-05	-6.437623e-05	-8.695808e-05	2.258185e-05
149           	2.348114e-03	1.202970e-03	1.145145e-03	8.957305e-04	9.306466e-04	-3.491615e-05	4.827814e-04	2.891252e-05	-5.486779e-05	-6.424594e-05	-8.699076e-05	2.274482e-05
150           	2.347809e-03	1.202749e-03	1.145059e-03	8.949091e-04	9.298149e-04	-3.490582e-05	4.823603e-04	2.884506e-05	-5.477225e-05	-6.437314e-05	-8.695882e-05	2.258568e-05
151           	2.348120e-03	1.202971e-03	1.145149e-03	8.957132e-04	9.306293e-04	-3.491612e-05	4.827727e-04	2.891113e-05	-5.486884e-05	-6.424435e-05	-8.699102e-05	2.274667e-05
152           	2.347796e-03	1.202742e-03	1.145054e-03	8.948891e-04	9.297946e-04	-3.490551e-05	4.823501e-04	2.884398e-05	-5.477129e-05	-6.437357e-05	-8.695808e-05	2.258451e-05
153           	2.348123e-03	1.202973e-03	1.145150e-03	8.957144e-04	9.306306e-04	-3.491620e-05	4.827734e-04	2.891154e-05	-5.486808e-05	-6.424595e-05	-8.699105e-05	2.274510e-05
154           	2.347800e-03	1.202745e-03	1.145056e-03	8.948952e-04	9.298008e-04	-3.490562e-05	4.823532e-04	2.884466e-05	-5.477182e-05	-6.437325e-05	-8.695845e-05	2.258519e-05
155           	2.348124e-03	1.202974e-03	1.145150e-03	8.957211e-04	9.306373e-04	-3.491620e-05	4.827768e-04	2.891202e-05	-5.486694e-05	-6.424799e-05	-8.699093e-05	2.274294e-05
156           	2.347798e-03	1.202743e-03	1.145055e-03	8.948863e-04	9.297919e-04	-3.490556e-05	4.823487e-04	2.884406e-05	-5.477286e-05	-6.437100e-05	-8.695837e-05	2.258736e-05
157           	2.348131e-03	1.202976e-03	1.145155e-03	8.957011e-04	9.306173e-04	-3.491622e-05	4.827668e-04	2.891066e-05	-5.486813e-05	-6.424628e-05	-8.699127e-05	2.274499e-05
158           	2.347791e-03	1.202740e-03	1.145052e-03	8.948784e-04	9.297838e-04	-3.490540e-05	4.823446e-04	2.884395e-05	-5.477162e-05	-6.437274e-05	-8.695799e-05	2.258525e-05
159           	2.348130e-03	1.202977e-03	1.145153e-03	8.957205e-04	9.306368e-04	-3.491628e-05	4.827765e-04	2.891227e-05	-5.486584e-05	-6.425030e-05	-8.699100e-05	2.274069e-05
160           	2.347798e-03	1.202743e-03	1.145055e-03	8.948837e-04	9.297893e-04	-3.490557e-05	4.823474e-04	2.884425e-05	-5.477363e-05	-6.436978e-05	-8.695852e-05	2.258875e-05
161           	2.348136e-03	1.202979e-03	1.145157e-03	8.957007e-04	9.306169e-04	-3.491626e-05	4.827666e-04	2.891073e-05	-5.486715e-05	-6.424831e-05	-8.699130e-05	2.274300e-05
162           	2.347787e-03	1.202737e-03	1.145050e-03	8.948671e-04	9.297724e-04	-3.490529e-05	4.823388e-04	2.884343e-05	-5.477237e-05	-6.437093e-05	-8.695783e-05	2.258690e-05
163           	2.348137e-03	1.202980e-03	1.145157e-03	8.957099e-04	9.306263e-04	-3.491635e-05	4.827713e-04	2.891168e-05	-5.486579e-05	-6.425086e-05	-8.699122e-05	2.274035e-05
164           	2.347793e-03	1.202741e-03	1.145052e-03	8.948750e-04	9.297805e-04	-3.490545e-05	4.823430e-04	2.884410e-05	-5.477345e-05	-6.436974e-05	-8.695832e-05	2.258858e-05
165           	2.348140e-03	1.202981e-03	1.145158e-03	8.957082e-04	9.306245e-04	-3.491633e-05	4.827704e-04	2.891148e-05	-5.486550e-05	-6.425147e-05	-8.699123e-05	2.273976e-05
166           	2.347787e-03	1.202737e-03	1.145050e-03	8.948633e-04	9.297687e-04	-3.490531e-05	4.823370e-04	2.884337e-05	-5.477370e-05	-6.436862e-05	-8.695801e-05	2.258939e-05
167           	2.348145e-03	1.202983e-03	1.145162e-03	8.956971e-04	9.306135e-04	-3.491637e-05	4.827649e-04	2.891082e-05	-5.486596e-05	-6.425095e-05	-8.699144e-05	2.274049e-05
168           	2.347785e-03	1.202736e-03	1.145049e-03	8.948614e-04	9.297667e-04	-3.490526e-05	4.823360e-04	2.884356e-05	-5.477312e-05	-6.436961e-05	-8.695792e-05	2.258831e-05
169           	2.348144e-03	1.202984e-03	1.145160e-03	8.957115e-04	9.306279e-04	-3.491641e-05	4.827722e-04	2.891196e-05	-5.486422e-05	-6.425401e-05	-8.699123e-05	2.273722e-05
170           	2.347788e-03	1.202738e-03	1.145051e-03	8.948622e-04	9.297675e-04	-3.490534e-05	4.823364e-04	2.884355e-05	-5.477468e-05	-6.436708e-05	-8.695821e-05	2.259114e-05
171           	2.348150e-03	1.202986e-03	1.145165e-03	8.956930e-04	9.306094e-04	-3.491640e-05	4.827629e-04	2.891056e-05	-5.486547e-05	-6.425213e-05	-8.699153e-05	2.273940e-05
172           	2.347779e-03	1.202733e-03	1.145046e-03	8.948501e-04	9.297552e-04	-3.490512e-05	4.823302e-04	2.884304e-05	-5.477346e-05	-6.436843e-05	-8.695767e-05	2.258924e-05
173           	2.348150e-03	1.202987e-03	1.145163e-03	8.957059e-04	9.306224e-04	-3.491647e-05	4.827694e-04	2.891172e-05	-5.486387e-05	-6.425501e-05	-8.699138e-05	2.273636e-05
174           	2.347785e-03	1.202736e-03	1.145049e-03	8.948574e-04	9.297627e-04	-3.490528e-05	4.823340e-04	2.884356e-05	-5.477481e-05	-6.436669e-05	-8.695816e-05	2.259146e-05
175           	2.348154e-03	1.202988e-03	1.145166e-03	8.956985e-04	9.306149e-04	-3.491646e-05	4.827657e-04	2.891107e-05	-5.486420e-05	-6.425458e-05	-8.699149e-05	2.273691e-05
176           	2.347778e-03	1.202732e-03	1.145046e-03	8.948453e-04	9.297504e-04	-3.490510e-05	4.823277e-04	2.884286e-05	-5.477448e-05	-6.436649e-05	-8.695773e-05	2.259124e-05
177           	2.348157e-03	1.202989e-03	1.145167e-03	8.956956e-04	9.306121e-04	-3.491651e-05	4.827643e-04	2.891103e-05	-5.486402e-05	-6.425512e-05	-8.699158e-05	2.273646e-05
178           	2.347779e-03	1.202733e-03	1.145046e-03	8.948476e-04	9.297528e-04	-3.490513e-05	4.823289e-04	2.884323e-05	-5.477451e-05	-6.436668e-05	-8.695785e-05	2.259117e-05
179           	2.348157e-03	1.202990e-03	1.145167e-03	8.957039e-04	9.306205e-04	-3.491652e-05	4.827685e-04	2.891164e-05	-5.486292e-05	-6.425708e-05	-8.699146e-05	2.273438e-05
180           	2.347779e-03	1.202732e-03	1.145046e-03	8.948445e-04	9.297496e-04	-3.490514e-05	4.823274e-04	2.884297e-05	-5.477552e-05	-6.436480e-05	-8.695792e-05	2.259312e-05
181           	2.348162e-03	1.202992e-03	1.145170e-03	8.956893e-04	9.306058e-04	-3.491653e-05	4.827612e-04	2.891058e-05	-5.486386e-05	-6.425569e-05	-8.699171e-05	2.273602e-05
182           	2.347772e-03	1.202729e-03	1.145043e-03	8.948373e-04	9.297422e-04	-3.490499e-05	4.823236e-04	2.884275e-05	-5.477457e-05	-6.436600e-05	-8.695757e-05	2.259157e-05
183           	2.348161e-03	1.202992e-03	1.145169e-03	8.957027e-04	9.306193e-04	-3.491659e-05	4.827679e-04	2.891169e-05	-5.486232e-05	-6.425844e-05	-8.699154e-05	2.273310e-05
184           	2.347778e-03	1.202732e-03	1.145046e-03	8.948425e-04	9.297476e-04	-3.490512e-05	4.823264e-04	2.884308e-05	-5.477593e-05	-6.436408e-05	-8.695797e-05	2.259389e-05
185           	2.348165e-03	1.202993e-03	1.145172e-03	8.956920e-04	9.306086e-04	-3.491657e-05	4.827626e-04	2.891081e-05	-5.486300e-05	-6.425743e-05	-8.699171e-05	2.273429e-05
186           	2.347770e-03	1.202727e-03	1.145042e-03	8.948315e-04	9.297364e-04	-3.490494e-05	4.823207e-04	2.884249e-05	-5.477528e-05	-6.436447e-05	-8.695752e-05	2.259304e-05
187           	2.348167e-03	1.202995e-03	1.145172e-03	8.956954e-04	9.306120e-04	-3.491663e-05	4.827643e-04	2.891121e-05	-5.486235e-05	-6.425872e-05	-8.699171e-05	2.273299e-05
188           	2.347773e-03	1.202729e-03	1.145044e-03	8.948366e-04	9.297416e-04	-3.490502e-05	4.823233e-04	2.884294e-05	-5.477572e-05	-6.436411e-05	-8.695778e-05	2.259367e-05
189           	2.348168e-03	1.202995e-03	1.145173e-03	8.956982e-04	9.306148e-04	-3.491663e-05	4.827657e-04	2.891136e-05	-5.486182e-05	-6.425972e-05	-8.699168e-05	2.273195e-05
190           	2.347770e-03	1.202728e-03	1.145043e-03	8.948305e-04	9.297354e-04	-3.490496e-05	4.823202e-04	2.884253e-05	-5.477621e-05	-6.436290e-05	-8.695766e-05	2.259475e-05
191           	2.348172e-03	1.202997e-03	1.145175e-03	8.956887e-04	9.306053e-04	-3.491665e-05	4.827610e-04	2.891072e-05	-5.486233e-05	-6.425904e-05	-8.699185e-05	2.273281e-05
192           	2.347767e-03	1.202726e-03	1.145041e-03	8.948280e-04	9.297329e-04	-3.490488e-05	4.823189e-04	2.884257e-05	-5.477558e-05	-6.436385e-05	-8.695750e-05	2.259365e-05
193           	2.348171e-03	1.202997e-03	1.145174e-03	8.957001e-04	9.306168e-04	-3.491668e-05	4.827667e-04	2.891161e-05	-5.486101e-05	-6.426139e-05	-8.699170e-05	2.273031e-05
194           	2.347770e-03	1.202728e-03	1.145042e-03	8.948301e-04	9.297350e-04	-3.490496e-05	4.823200e-04	2.884266e-05	-5.477675e-05	-6.436202e-05	-8.695776e-05	2.259573e-05
195           	2.348175e-03	1.202998e-03	1.145177e-03	8.956887e-04	9.306054e-04	-3.491668e-05	4.827610e-04	2.891071e-05	-5.486177e-05	-6.426023e-05	-8.699189e-05	2.273166e-05
196           	2.347763e-03	1.202724e-03	1.145039e-03	8.948219e-04	9.297267e-04	-3.490481e-05	4.823158e-04	2.884227e-05	-5.477596e-05	-6.436283e-05	-8.695737e-05	2.259454e-05
197           	2.348176e-03	1.202999e-03	1.145176e-03	8.956961e-04	9.306128e-04	-3.491673e-05	4.827648e-04	2.891137e-05	-5.486083e-05	-6.426198e-05	-8.699183e-05	2.272984e-05
198           	2.347767e-03	1.202726e-03	1.145041e-03	8.948266e-04	9.297315e-04	-3.490490e-05	4.823182e-04	2.884263e-05	-5.477675e-05	-6.436182e-05	-8.695766e-05	2.259584e-05
199           	2.348177e-03	1.203000e-03	1.145178e-03	8.956940e-04	9.306108e-04	-3.491672e-05	4.827637e-04	2.891114e-05	-5.486081e-05	-6.426210e-05	-8.699186e-05	2.272976e-05
200           	2.347763e-03	1.202724e-03	1.145039e-03	8.948202e-04	9.297250e-04	-3.490480e-05	4.823149e-04	2.884223e-05	-5.477675e-05	-6.436139e-05	-8.695744e-05	2.259605e-05
201           	2.348180e-03	1.203001e-03	1.145179e-03	8.956901e-04	9.306068e-04	-3.491675e-05	4.827618e-04	2.891092e-05	-5.486090e-05	-6.426213e-05	-8.699197e-05	2.272984e-05
202           	2.347762e-03	1.202723e-03	1.145038e-03	8.948200e-04	9.297248e-04	-3.490479e-05	4.823148e-04	2.884237e-05	-5.477662e-05	-6.436164e-05	-8.695744e-05	2.259579e-05
203           	2.348180e-03	1.203001e-03	1.145178e-03	8.956978e-04	9.306146e-04	-3.491677e-05	4.827657e-04	2.891149e-05	-5.486000e-05	-6.426372e-05	-8.699186e-05	2.272814e-05
204           	2.347763e-03	1.202724e-03	1.145039e-03	8.948203e-04	9.297252e-04	-3.490482e-05	4.823150e-04	2.884234e-05	-5.477742e-05	-6.436028e-05	-8.695756e-05	2.259728e-05
205           	2.348184e-03	1.203003e-03	1.145181e-03	8.956881e-04	9.306049e-04	-3.491678e-05	4.827608e-04	2.891075e-05	-5.486066e-05	-6.426276e-05	-8.699204e-05	2.272928e-05
206           	2.347758e-03	1.202721e-03	1.145037e-03	8.948140e-04	9.297188e-04	-3.490470e-05	4.823117e-04	2.884208e-05	-5.477681e-05	-6.436091e-05	-8.695727e-05	2.259636e-05
207           	2.348183e-03	1.203003e-03	1.145180e-03	8.956965e-04	9.306133e-04	-3.491682e-05	4.827651e-04	2.891144e-05	-5.485970e-05	-6.426448e-05	-8.699194e-05	2.272745e-05
208           	2.347761e-03	1.202723e-03	1.145038e-03	8.948188e-04	9.297236e-04	-3.490479e-05	4.823142e-04	2.884238e-05	-5.477763e-05	-6.435983e-05	-8.695755e-05	2.259772e-05
209           	2.348186e-03	1.203004e-03	1.145182e-03	8.956918e-04	9.306086e-04	-3.491681e-05	4.827627e-04	2.891101e-05	-5.485996e-05	-6.426414e-05	-8.699203e-05	2.272788e-05
210           	2.347756e-03	1.202720e-03	1.145036e-03	8.948120e-04	9.297167e-04	-3.490468e-05	4.823107e-04	2.884199e-05	-5.477737e-05	-6.435981e-05	-8.695728e-05	2.259746e-05
211           	2.348187e-03	1.203005e-03	1.145183e-03	8.956921e-04	9.306089e-04	-3.491684e-05	4.827629e-04	2.891111e-05	-5.485971e-05	-6.426471e-05	-8.699206e-05	2.272735e-05
212           	2.347757e-03	1.202721e-03	1.145036e-03	8.948144e-04	9.297191e-04	-3.490471e-05	4.823119e-04	2.884224e-05	-5.477750e-05	-6.435975e-05	-8.695738e-05	2.259763e-05
213           	2.348188e-03	1.203005e-03	1.145182e-03	8.956963e-04	9.306132e-04	-3.491685e-05	4.827650e-04	2.891139e-05	-5.485914e-05	-6.426575e-05	-8.699201e-05	2.272626e-05
214           	2.347756e-03	1.202720e-03	1.145036e-03	8.948122e-04	9.297169e-04	-3.490469e-05	4.823108e-04	2.884206e-05	-5.477799e-05	-6.435877e-05	-8.695737e-05	2.259860e-05
215           	2.348191e-03	1.203006e-03	1.145184e-03	8.956891e-04	9.306060e-04	-3.491686e-05	4.827614e-04	2.891085e-05	-5.485957e-05	-6.426514e-05	-8.699215e-05	2.272700e-05
216           	2.347753e-03	1.202718e-03	1.145034e-03	8.948091e-04	9.297137e-04	-3.490462e-05	4.823092e-04	2.884199e-05	-5.477750e-05	-6.435940e-05	-8.695720e-05	2.259780e-05
217           	2.348190e-03	1.203007e-03	1.145184e-03	8.956972e-04	9.306141e-04	-3.491689e-05	4.827655e-04	2.891149e-05	-5.485866e-05	-6.426677e-05	-8.699205e-05	2.272528e-05
218           	2.347755e-03	1.202720e-03	1.145035e-03	8.948119e-04	9.297166e-04	-3.490468e-05	4.823107e-04	2.884215e-05	-5.477829e-05	-6.435823e-05	-8.695741e-05	2.259917e-05
219           	2.348193e-03	1.203007e-03	1.145185e-03	8.956910e-04	9.306079e-04	-3.491689e-05	4.827624e-04	2.891096e-05	-5.485908e-05	-6.426617e-05	-8.699216e-05	2.272599e-05
220           	2.347751e-03	1.202717e-03	1.145033e-03	8.948060e-04	9.297106e-04	-3.490458e-05	4.823076e-04	2.884184e-05	-5.477789e-05	-6.435851e-05	-8.695715e-05	2.259864e-05
221           	2.348194e-03	1.203008e-03	1.145186e-03	8.956944e-04	9.306113e-04	-3.491692e-05	4.827641e-04	2.891128e-05	-5.485860e-05	-6.426709e-05	-8.699215e-05	2.272506e-05
222           	2.347752e-03	1.202718e-03	1.145034e-03	8.948093e-04	9.297139e-04	-3.490463e-05	4.823093e-04	2.884210e-05	-5.477828e-05	-6.435807e-05	-8.695731e-05	2.259924e-05
223           	2.348195e-03	1.203009e-03	1.145186e-03	8.956953e-04	9.306122e-04	-3.491693e-05	4.827646e-04	2.891129e-05	-5.485839e-05	-6.426751e-05	-8.699214e-05	2.272464e-05
224           	2.347750e-03	1.202717e-03	1.145033e-03	8.948058e-04	9.297103e-04	-3.490458e-05	4.823075e-04	2.884186e-05	-5.477848e-05	-6.435746e-05	-8.695721e-05	2.259976e-05
225           	2.348197e-03	1.203009e-03	1.145187e-03	8.956911e-04	9.306081e-04	-3.491694e-05	4.827625e-04	2.891100e-05	-5.485860e-05	-6.426726e-05	-8.699224e-05	2.272497e-05
226           	2.347748e-03	1.202716e-03	1.145032e-03	8.948049e-04	9.297095e-04	-3.490455e-05	4.823070e-04	2.884191e-05	-5.477825e-05	-6.435779e-05	-8.695715e-05	2.259936e-05
227           	2.348196e-03	1.203010e-03	1.145187e-03	8.956976e-04	9.306145e-04	-3.491697e-05	4.827658e-04	2.891148e-05	-5.485790e-05	-6.426853e-05	-8.699216e-05	2.272363e-05
228           	2.347750e-03	1.202717e-03	1.145033e-03	8.948060e-04	9.297106e-04	-3.490459e-05	4.823076e-04	2.884194e-05	-5.477891e-05	-6.435673e-05	-8.695727e-05	2.260054e-05
229           	2.348199e-03	1.203010e-03	1.145188e-03	8.956913e-04	9.306083e-04	-3.491697e-05	4.827626e-04	2.891098e-05	-5.485833e-05	-6.426788e-05	-8.699227e-05	2.272439e-05
230           	2.347746e-03	1.202715e-03	1.145031e-03	8.948016e-04	9.297061e-04	-3.490450e-05	4.823053e-04	2.884173e-05	-5.477850e-05	-6.435711e-05	-8.695706e-05	2.259995e-05
231           	2.348199e-03	1.203011e-03	1.145188e-03	8.956964e-04	9.306134e-04	-3.491700e-05	4.827652e-04	2.891140e-05	-5.485775e-05	-6.426895e-05	-8.699223e-05	2.272328e-05
232           	2.347748e-03	1.202716e-03	1.145032e-03	8.948047e-04	9.297093e-04	-3.490455e-05	4.823069e-04	2.884195e-05	-5.477901e-05	-6.435644e-05	-8.695723e-05	2.260078e-05
233           	2.348200e-03	1.203011e-03	1.145189e-03	8.956949e-04	9.306119e-04	-3.491700e-05	4.827644e-04	2.891122e-05	-5.485779e-05	-6.426895e-05	-8.699226e-05	2.272332e-05
234           	2.347745e-03	1.202714e-03	1.145031e-03	8.948007e-04	9.297052e-04	-3.490449e-05	4.823049e-04	2.884170e-05	-5.477898e-05	-6.435619e-05	-8.695708e-05	2.260089e-05
235           	2.348202e-03	1.203012e-03	1.145190e-03	8.956936e-04	9.306106e-04	-3.491702e-05	4.827638e-04	2.891116e-05	-5.485777e-05	-6.426909e-05	-8.699231e-05	2.272323e-05
236           	2.347745e-03	1.202714e-03	1.145030e-03	8.948015e-04	9.297060e-04	-3.490449e-05	4.823053e-04	2.884183e-05	-5.477897e-05	-6.435626e-05	-8.695710e-05	2.260084e-05
237           	2.348202e-03	1.203012e-03	1.145189e-03	8.956978e-04	9.306149e-04	-3.491703e-05	4.827659e-04	2.891146e-05	-5.485728e-05	-6.426996e-05	-8.699226e-05	2.272230e-05
238           	2.347745e-03	1.202714e-03	1.145031e-03	8.948011e-04	9.297056e-04	-3.490450e-05	4.823051e-04	2.884177e-05	-5.477943e-05	-6.435542e-05	-8.695714e-05	2.260172e-05
239           	2.348204e-03	1.203013e-03	1.145191e-03	8.956927e-04	9.306097e-04	-3.491703e-05	4.827634e-04	2.891105e-05	-5.485764e-05	-6.426945e-05	-8.699236e-05	2.272291e-05
240           	2.347742e-03	1.202712e-03	1.145029e-03	8.947983e-04	9.297027e-04	-3.490444e-05	4.823036e-04	2.884166e-05	-5.477909e-05	-6.435579e-05	-8.695699e-05	2.260120e-05
241           	2.348204e-03	1.203013e-03	1.145190e-03	8.956980e-04	9.306151e-04	-3.491706e-05	4.827661e-04	2.891147e-05	-5.485705e-05	-6.427050e-05	-8.699230e-05	2.272180e-05
242           	2.347743e-03	1.202713e-03	1.145030e-03	8.948007e-04	9.297052e-04	-3.490448e-05	4.823048e-04	2.884181e-05	-5.477962e-05	-6.435503e-05	-8.695714e-05	2.260210e-05
243           	2.348205e-03	1.203014e-03	1.145191e-03	8.956950e-04	9.306120e-04	-3.491706e-05	4.827645e-04	2.891119e-05	-5.485724e-05	-6.427024e-05	-8.699236e-05	2.272212e-05
244           	2.347740e-03	1.202712e-03	1.145029e-03	8.947969e-04	9.297013e-04	-3.490442e-05	4.823029e-04	2.884159e-05	-5.477946e-05	-6.435504e-05	-8.695697e-05	2.260194e-05
245           	2.348206e-03	1.203014e-03	1.145192e-03	8.956960e-04	9.306131e-04	-3.491708e-05	4.827651e-04	2.891130e-05	-5.485704e-05	-6.427067e-05	-8.699238e-05	2.272170e-05
246           	2.347741e-03	1.202712e-03	1.145029e-03	8.947986e-04	9.297030e-04	-3.490444e-05	4.823037e-04	2.884175e-05	-5.477962e-05	-6.435486e-05	-8.695705e-05	2.260219e-05
247           	2.348207e-03	1.203015e-03	1.145192e-03	8.956981e-04	9.306151e-04	-3.491709e-05	4.827661e-04	2.891142e-05	-5.485677e-05	-6.427117e-05	-8.699236e-05	2.272119e-05
248           	2.347740e-03	1.202712e-03	1.145028e-03	8.947971e-04	9.297015e-04	-3.490442e-05	4.823029e-04	2.884163e-05	-5.477988e-05	-6.435429e-05	-8.695702e-05	2.260273e-05
249           	2.348208e-03	1.203015e-03	1.145193e-03	8.956945e-04	9.306116e-04	-3.491710e-05	4.827644e-04	2.891115e-05	-5.485699e-05	-6.427088e-05	-8.699243e-05	2.272155e-05
250           	2.347738e-03	1.202711e-03	1.145027e-03	8.947957e-04	9.297001e-04	-3.490438e-05	4.823022e-04	2.884161e-05	-5.477966e-05	-6.435455e-05	-8.695694e-05	2.260239e-05
251           	2.348208e-03	1.203016e-03	1.145193e-03	8.956992e-04	9.306164e-04	-3.491711e-05	4.827667e-04	2.891151e-05	-5.485648e-05	-6.427179e-05	-8.699238e-05	2.272059e-05
252           	2.347739e-03	1.202711e-03	1.145028e-03	8.947971e-04	9.297016e-04	-3.490442e-05	4.823030e-04	2.884168e-05	-5.478013e-05	-6.435382e-05	-8.695705e-05	2.260322e-05
253           	2.348206e-03	1.203014e-03	1.145192e-03	8.956944e-04	9.306114e-04	-3.491705e-05	4.827642e-04	2.891122e-05	-5.485619e-05	-6.427223e-05	-8.699231e-05	2.272008e-05
254           	2.347733e-03	1.202708e-03	1.145025e-03	8.947949e-04	9.296992e-04	-3.490431e-05	4.823018e-04	2.884161e-05	-5.477936e-05	-6.435480e-05	-8.695676e-05	2.260196e-05
255           	2.348207e-03	1.203015e-03	1.145192e-03	8.956993e-04	9.306164e-04	-3.491710e-05	4.827667e-04	2.891151e-05	-5.485590e-05	-6.427284e-05	-8.699232e-05	2.271948e-05
256           	2.347735e-03	1.202709e-03	1.145026e-03	8.947970e-04	9.297014e-04	-3.490437e-05	4.823029e-04	2.884175e-05	-5.477969e-05	-6.435443e-05	-8.695690e-05	2.260247e-05
257           	2.348210e-03	1.203016e-03	1.145193e-03	8.956995e-04	9.306166e-04	-3.491713e-05	4.827669e-04	2.891147e-05	-5.485588e-05	-6.427300e-05	-8.699238e-05	2.271938e-05
258           	2.347735e-03	1.202709e-03	1.145026e-03	8.947949e-04	9.296993e-04	-3.490435e-05	4.823018e-04	2.884159e-05	-5.477986e-05	-6.435403e-05	-8.695688e-05	2.260285e-05
259           	2.348208e-03	1.203016e-03	1.145193e-03	8.956963e-04	9.306134e-04	-3.491709e-05	4.827652e-04	2.891135e-05	-5.485552e-05	-6.427360e-05	-8.699232e-05	2.271872e-05
260           	2.347732e-03	1.202708e-03	1.145024e-03	8.947954e-04	9.296997e-04	-3.490431e-05	4.823020e-04	2.884171e-05	-5.477939e-05	-6.435473e-05	-8.695675e-05	2.260202e-05
261           	2.348209e-03	1.203016e-03	1.145193e-03	8.957017e-04	9.306189e-04	-3.491714e-05	4.827680e-04	2.891165e-05	-5.485533e-05	-6.427402e-05	-8.699233e-05	2.271832e-05
262           	2.347734e-03	1.202709e-03	1.145025e-03	8.947956e-04	9.296999e-04	-3.490434e-05	4.823021e-04	2.884168e-05	-5.477993e-05	-6.435387e-05	-8.695687e-05	2.260300e-05
263           	2.348209e-03	1.203016e-03	1.145193e-03	8.956968e-04	9.306139e-04	-3.491710e-05	4.827655e-04	2.891136e-05	-5.485518e-05	-6.427430e-05	-8.699232e-05	2.271803e-05
264           	2.347730e-03	1.202707e-03	1.145023e-03	8.947939e-04	9.296982e-04	-3.490427e-05	4.823012e-04	2.884165e-05	-5.477934e-05	-6.435466e-05	-8.695667e-05	2.260201e-05
265           	2.348211e-03	1.203017e-03	1.145194e-03	8.957020e-04	9.306192e-04	-3.491716e-05	4.827682e-04	2.891166e-05	-5.485504e-05	-6.427464e-05	-8.699236e-05	2.271772e-05
266           	2.347733e-03	1.202708e-03	1.145025e-03	8.947953e-04	9.296997e-04	-3.490433e-05	4.823020e-04	2.884172e-05	-5.477992e-05	-6.435385e-05	-8.695684e-05	2.260300e-05
267           	2.348210e-03	1.203017e-03	1.145194e-03	8.956989e-04	9.306160e-04	-3.491712e-05	4.827666e-04	2.891149e-05	-5.485479e-05	-6.427507e-05	-8.699233e-05	2.271726e-05
268           	2.347729e-03	1.202706e-03	1.145023e-03	8.947935e-04	9.296977e-04	-3.490427e-05	4.823010e-04	2.884164e-05	-5.477955e-05	-6.435426e-05	-8.695668e-05	2.260242e-05
269           	2.348210e-03	1.203016e-03	1.145193e-03	8.956994e-04	9.306165e-04	-3.491712e-05	4.827668e-04	2.891156e-05	-5.485442e-05	-6.427571e-05	-8.699228e-05	2.271657e-05
270           	2.347728e-03	1.202706e-03	1.145022e-03	8.947946e-04	9.296988e-04	-3.490426e-05	4.823015e-04	2.884176e-05	-5.477935e-05	-6.435459e-05	-8.695665e-05	2.260206e-05
271           	2.348212e-03	1.203018e-03	1.145194e-03	8.957031e-04	9.306203e-04	-3.491718e-05	4.827687e-04	2.891171e-05	-5.485451e-05	-6.427570e-05	-8.699236e-05	2.271666e-05
272           	2.347730e-03	1.202707e-03	1.145024e-03	8.947937e-04	9.296980e-04	-3.490429e-05	4.823012e-04	2.884165e-05	-5.477987e-05	-6.435376e-05	-8.695676e-05	2.260299e-05
273           	2.348213e-03	1.203018e-03	1.145195e-03	8.956989e-04	9.306161e-04	-3.491715e-05	4.827666e-04	2.891149e-05	-5.485441e-05	-6.427591e-05	-8.699236e-05	2.271645e-05
274           	2.347728e-03	1.202705e-03	1.145022e-03	8.947928e-04	9.296970e-04	-3.490425e-05	4.823006e-04	2.884166e-05	-5.477952e-05	-6.435422e-05	-8.695663e-05	2.260241e-05
275           	2.348211e-03	1.203017e-03	1.145194e-03	8.957018e-04	9.306190e-04	-3.491715e-05	4.827681e-04	2.891173e-05	-5.485392e-05	-6.427672e-05	-8.699228e-05	2.271556e-05
276           	2.347727e-03	1.202705e-03	1.145022e-03	8.947938e-04	9.296981e-04	-3.490425e-05	4.823012e-04	2.884173e-05	-5.477964e-05	-6.435404e-05	-8.695666e-05	2.260262e-05
277           	2.348211e-03	1.203017e-03	1.145194e-03	8.957002e-04	9.306173e-04	-3.491714e-05	4.827672e-04	2.891159e-05	-5.485385e-05	-6.427688e-05	-8.699229e-05	2.271541e-05
278           	2.347725e-03	1.202704e-03	1.145021e-03	8.947922e-04	9.296964e-04	-3.490421e-05	4.823003e-04	2.884166e-05	-5.477934e-05	-6.435441e-05	-8.695655e-05	2.260214e-05
279           	2.348212e-03	1.203018e-03	1.145194e-03	8.957017e-04	9.306189e-04	-3.491715e-05	4.827680e-04	2.891172e-05	-5.485351e-05	-6.427752e-05	-8.699227e-05	2.271475e-05
280           	2.347725e-03	1.202704e-03	1.145021e-03	8.947935e-04	9.296977e-04	-3.490423e-05	4.823010e-04	2.884176e-05	-5.477935e-05	-6.435447e-05	-8.695658e-05	2.260212e-05
281           	2.348212e-03	1.203018e-03	1.145194e-03	8.957023e-04	9.306195e-04	-3.491716e-05	4.827683e-04	2.891174e-05	-5.485332e-05	-6.427790e-05	-8.699227e-05	2.271437e-05
282           	2.347725e-03	1.202704e-03	1.145021e-03	8.947925e-04	9.296967e-04	-3.490421e-05	4.823005e-04	2.884170e-05	-5.477936e-05	-6.435438e-05	-8.695655e-05	2.260217e-05
283           	2.348213e-03	1.203018e-03	1.145195e-03	8.957012e-04	9.306184e-04	-3.491717e-05	4.827678e-04	2.891166e-05	-5.485331e-05	-6.427797e-05	-8.699230e-05	2.271432e-05
284           	2.347724e-03	1.202704e-03	1.145020e-03	8.947922e-04	9.296964e-04	-3.490420e-05	4.823003e-04	2.884172e-05	-5.477927e-05	-6.435451e-05	-8.695653e-05	2.260202e-05
285           	2.348213e-03	1.203018e-03	1.145195e-03	8.957034e-04	9.306205e-04	-3.491718e-05	4.827689e-04	2.891182e-05	-5.485306e-05	-6.427845e-05	-8.699228e-05	2.271383e-05
286           	2.347725e-03	1.202704e-03	1.145021e-03	8.947925e-04	9.296967e-04	-3.490421e-05	4.823005e-04	2.884172e-05	-5.477950e-05	-6.435413e-05	-8.695657e-05	2.260244e-05
287           	2.348214e-03	1.203019e-03	1.145196e-03	8.957014e-04	9.306186e-04	-3.491718e-05	4.827679e-04	2.891166e-05	-5.485318e-05	-6.427828e-05	-8.699232e-05	2.271404e-05
288           	2.347723e-03	1.202703e-03	1.145020e-03	8.947910e-04	9.296951e-04	-3.490418e-05	4.822997e-04	2.884165e-05	-5.477940e-05	-6.435420e-05	-8.695650e-05	2.260230e-05
289           	2.348215e-03	1.203019e-03	1.145196e-03	8.957030e-04	9.306202e-04	-3.491720e-05	4.827687e-04	2.891179e-05	-5.485299e-05	-6.427864e-05	-8.699231e-05	2.271367e-05
290           	2.347724e-03	1.202704e-03	1.145020e-03	8.947918e-04	9.296960e-04	-3.490420e-05	4.823001e-04	2.884172e-05	-5.477959e-05	-6.435393e-05	-8.695655e-05	2.260263e-05
291           	2.348215e-03	1.203019e-03	1.145196e-03	8.957025e-04	9.306197e-04	-3.491720e-05	4.827685e-04	2.891174e-05	-5.485300e-05	-6.427867e-05	-8.699233e-05	2.271366e-05
292           	2.347723e-03	1.202703e-03	1.145020e-03	8.947904e-04	9.296946e-04	-3.490418e-05	4.822994e-04	2.884163e-05	-5.477961e-05	-6.435379e-05	-8.695651e-05	2.260272e-05
293           	2.348216e-03	1.203020e-03	1.145196e-03	8.957021e-04	9.306193e-04	-3.491720e-05	4.827682e-04	2.891171e-05	-5.485298e-05	-6.427873e-05	-8.699235e-05	2.271361e-05
294           	2.347723e-03	1.202703e-03	1.145020e-03	8.947905e-04	9.296947e-04	-3.490418e-05	4.822994e-04	2.884167e-05	-5.477962e-05	-6.435377e-05	-8.695651e-05	2.260274e-05
295           	2.348216e-03	1.203020e-03	1.145196e-03	8.957034e-04	9.306206e-04	-3.491721e-05	4.827689e-04	2.891181e-05	-5.485281e-05	-6.427905e-05	-8.699233e-05	2.271329e-05
296           	2.347722e-03	1.202703e-03	1.145020e-03	8.947902e-04	9.296944e-04	-3.490418e-05	4.822993e-04	2.884164e-05	-5.477979e-05	-6.435346e-05	-8.695652e-05	2.260306e-05
297           	2.348217e-03	1.203020e-03	1.145197e-03	8.957018e-04	9.306190e-04	-3.491721e-05	4.827681e-04	2.891167e-05	-5.485291e-05	-6.427892e-05	-8.699237e-05	2.271345e-05
298           	2.347721e-03	1.202702e-03	1.145019e-03	8.947892e-04	9.296933e-04	-3.490415e-05	4.822988e-04	2.884160e-05	-5.477970e-05	-6.435354e-05	-8.695647e-05	2.260293e-05
299           	2.348217e-03	1.203020e-03	1.145197e-03	8.957034e-04	9.306207e-04	-3.491722e-05	4.827689e-04	2.891181e-05	-5.485271e-05	-6.427929e-05	-8.699235e-05	2.271306e-05
300           	2.347722e-03	1.202703e-03	1.145019e-03	8.947899e-04	9.296940e-04	-3.490416e-05	4.822991e-04	2.884165e-05	-5.477988e-05	-6.435327e-05	-8.695651e-05	2.260324e-05
301           	2.348217e-03	1.203020e-03	1.145197e-03	8.957025e-04	9.306197e-04	-3.491722e-05	4.827685e-04	2.891172e-05	-5.485274e-05	-6.427925e-05	-8.699237e-05	2.271312e-05
302           	2.347721e-03	1.202702e-03	1.145019e-03	8.947885e-04	9.296927e-04	-3.490414e-05	4.822984e-04	2.884157e-05	-5.477984e-05	-6.435323e-05	-8.695646e-05	2.260323e-05
303           	2.348218e-03	1.203021e-03	1.145197e-03	8.957028e-04	9.306200e-04	-3.491723e-05	4.827686e-04	2.891175e-05	-5.485267e-05	-6.427941e-05	-8.699237e-05	2.271297e-05
304           	2.347721e-03	1.202702e-03	1.145019e-03	8.947890e-04	9.296931e-04	-3.490414e-05	4.822986e-04	2.884162e-05	-5.477990e-05	-6.435315e-05	-8.695648e-05	2.260333e-05
305           	2.348218e-03	1.203021e-03	1.145197e-03	8.957035e-04	9.306207e-04	-3.491723e-05	4.827690e-04	2.891179e-05	-5.485257e-05	-6.427961e-05	-8.699237e-05	2.271276e-05
306           	2.347720e-03	1.202702e-03	1.145019e-03	8.947884e-04	9.296925e-04	-3.490414e-05	4.822983e-04	2.884158e-05	-5.478000e-05	-6.435293e-05	-8.695647e-05	2.260354e-05
307           	2.348219e-03	1.203021e-03	1.145198e-03	8.957023e-04	9.306196e-04	-3.491723e-05	4.827684e-04	2.891170e-05	-5.485262e-05	-6.427954e-05	-8.699239e-05	2.271285e-05
308           	2.347720e-03	1.202701e-03	1.145018e-03	8.947879e-04	9.296920e-04	-3.490412e-05	4.822981e-04	2.884156e-05	-5.477994e-05	-6.435298e-05	-8.695644e-05	2.260345e-05
309           	2.348219e-03	1.203021e-03	1.145197e-03	8.957039e-04	9.306211e-04	-3.491724e-05	4.827692e-04	2.891182e-05	-5.485245e-05	-6.427986e-05	-8.699238e-05	2.271252e-05
310           	2.347720e-03	1.202702e-03	1.145018e-03	8.947883e-04	9.296924e-04	-3.490413e-05	4.822983e-04	2.884159e-05	-5.478011e-05	-6.435272e-05	-8.695647e-05	2.260375e-05
311           	2.348219e-03	1.203021e-03	1.145198e-03	8.957028e-04	9.306200e-04	-3.491724e-05	4.827686e-04	2.891172e-05	-5.485251e-05	-6.427978e-05	-8.699240e-05	2.271262e-05
312           	2.347719e-03	1.202701e-03	1.145018e-03	8.947872e-04	9.296913e-04	-3.490411e-05	4.822977e-04	2.884153e-05	-5.478005e-05	-6.435273e-05	-8.695642e-05	2.260368e-05
313           	2.348219e-03	1.203021e-03	1.145198e-03	8.957035e-04	9.306208e-04	-3.491725e-05	4.827690e-04	2.891178e-05	-5.485240e-05	-6.428000e-05	-8.699240e-05	2.271241e-05
314           	2.347719e-03	1.202701e-03	1.145018e-03	8.947877e-04	9.296918e-04	-3.490412e-05	4.822980e-04	2.884157e-05	-5.478014e-05	-6.435261e-05	-8.695645e-05	2.260384e-05
315           	2.348220e-03	1.203022e-03	1.145198e-03	8.957037e-04	9.306210e-04	-3.491725e-05	4.827691e-04	2.891178e-05	-5.485235e-05	-6.428010e-05	-8.699240e-05	2.271230e-05
316           	2.347719e-03	1.202701e-03	1.145018e-03	8.947870e-04	9.296911e-04	-3.490411e-05	4.822976e-04	2.884153e-05	-5.478019e-05	-6.435247e-05	-8.695642e-05	2.260395e-05
317           	2.348220e-03	1.203022e-03	1.145198e-03	8.957031e-04	9.306203e-04	-3.491726e-05	4.827688e-04	2.891174e-05	-5.485237e-05	-6.428011e-05	-8.699242e-05	2.271231e-05
318           	2.347718e-03	1.202701e-03	1.145018e-03	8.947868e-04	9.296909e-04	-3.490410e-05	4.822975e-04	2.884154e-05	-5.478016e-05	-6.435250e-05	-8.695641e-05	2.260391e-05
319           	2.348220e-03	1.203022e-03	1.145198e-03	8.957043e-04	9.306216e-04	-3.491726e-05	4.827694e-04	2.891182e-05	-5.485222e-05	-6.428037e-05	-8.699241e-05	2.271204e-05
320           	2.347718e-03	1.202701e-03	1.145018e-03	8.947870e-04	9.296911e-04	-3.490410e-05	4.822976e-04	2.884154e-05	-5.478029e-05	-6.435228e-05	-8.695643e-05	2.260415e-05
321           	2.348221e-03	1.203022e-03	1.145199e-03	8.957033e-04	9.306205e-04	-3.491726e-05	4.827689e-04	2.891174e-05	-5.485228e-05	-6.428029e-05	-8.699243e-05	2.271214e-05
322           	2.347717e-03	1.202700e-03	1.145017e-03	8.947861e-04	9.296902e-04	-3.490409e-05	4.822972e-04	2.884150e-05	-5.478023e-05	-6.435231e-05	-8.695639e-05	2.260408e-05
323           	2.348221e-03	1.203022e-03	1.145199e-03	8.957043e-04	9.306215e-04	-3.491727e-05	4.827694e-04	2.891181e-05	-5.485217e-05	-6.428052e-05	-8.699242e-05	2.271191e-05
324           	2.347718e-03	1.202700e-03	1.145017e-03	8.947867e-04	9.296908e-04	-3.490410e-05	4.822974e-04	2.884154e-05	-5.478034e-05	-6.435216e-05	-8.695642e-05	2.260426e-05
325           	2.348221e-03	1.203022e-03	1.145199e-03	8.957041e-04	9.306213e-04	-3.491727e-05	4.827693e-04	2.891179e-05	-5.485216e-05	-6.428055e-05	-8.699243e-05	2.271188e-05
326           	2.347717e-03	1.202700e-03	1.145017e-03	8.947859e-04	9.296900e-04	-3.490408e-05	4.822970e-04	2.884149e-05	-5.478035e-05	-6.435208e-05	-8.695639e-05	2.260431e-05
327           	2.348222e-03	1.203023e-03	1.145199e-03	8.957039e-04	9.306212e-04	-3.491728e-05	4.827692e-04	2.891178e-05	-5.485214e-05	-6.428061e-05	-8.699244e-05	2.271184e-05
328           	2.347717e-03	1.202700e-03	1.145017e-03	8.947860e-04	9.296901e-04	-3.490408e-05	4.822971e-04	2.884151e-05	-5.478036e-05	-6.435206e-05	-8.695639e-05	2.260433e-05
329           	2.348222e-03	1.203023e-03	1.145199e-03	8.957047e-04	9.306220e-04	-3.491728e-05	4.827696e-04	2.891183e-05	-5.485204e-05	-6.428079e-05	-8.699244e-05	2.271164e-05
330           	2.347717e-03	1.202700e-03	1.145017e-03	8.947859e-04	9.296900e-04	-3.490408e-05	4.822970e-04	2.884150e-05	-5.478046e-05	-6.435188e-05	-8.695640e-05	2.260452e-05
331           	2.348222e-03	1.203023e-03	1.145199e-03	8.957039e-04	9.306211e-04	-3.491728e-05	4.827692e-04	2.891176e-05	-5.485209e-05	-6.428073e-05	-8.699246e-05	2.271172e-05
332           	2.347716e-03	1.202700e-03	1.145017e-03	8.947854e-04	9.296894e-04	-3.490407e-05	4.822967e-04	2.884148e-05	-5.478041e-05	-6.435191e-05	-8.695637e-05	2.260445e-05
333           	2.348222e-03	1.203023e-03	1.145199e-03	8.957049e-04	9.306222e-04	-3.491729e-05	4.827697e-04	2.891184e-05	-5.485197e-05	-6.428095e-05	-8.699245e-05	2.271150e-05
334           	2.347716e-03	1.202700e-03	1.145017e-03	8.947858e-04	9.296898e-04	-3.490408e-05	4.822970e-04	2.884151e-05	-5.478052e-05	-6.435176e-05	-8.695639e-05	2.260464e-05
335           	2.348223e-03	1.203023e-03	1.145200e-03	8.957044e-04	9.306217e-04	-3.491729e-05	4.827695e-04	2.891179e-05	-5.485199e-05	-6.428094e-05	-8.699246e-05	2.271152e-05
336           	2.347716e-03	1.202699e-03	1.145016e-03	8.947850e-04	9.296891e-04	-3.490406e-05	4.822966e-04	2.884147e-05	-5.478050e-05	-6.435172e-05	-8.695636e-05	2.260464e-05
337           	2.348223e-03	1.203023e-03	1.145200e-03	8.957046e-04	9.306219e-04	-3.491730e-05	4.827696e-04	2.891181e-05	-5.485195e-05	-6.428104e-05	-8.699247e-05	2.271143e-05
338           	2.347716e-03	1.202699e-03	1.145016e-03	8.947853e-04	9.296894e-04	-3.490407e-05	4.822967e-04	2.884149e-05	-5.478054e-05	-6.435167e-05	-8.695637e-05	2.260470e-05
339           	2.348223e-03	1.203023e-03	1.145200e-03	8.957051e-04	9.306224e-04	-3.491730e-05	4.827698e-04	2.891183e-05	-5.485188e-05	-6.428116e-05	-8.699246e-05	2.271130e-05
340           	2.347716e-03	1.202699e-03	1.145016e-03	8.947850e-04	9.296891e-04	-3.490406e-05	4.822966e-04	2.884147e-05	-5.478060e-05	-6.435154e-05	-8.695637e-05	2.260483e-05
341           	2.348223e-03	1.203023e-03	1.145200e-03	8.957044e-04	9.306217e-04	-3.491730e-05	4.827695e-04	2.891179e-05	-5.485191e-05	-6.428113e-05	-8.699248e-05	2.271135e-05
342           	2.347715e-03	1.202699e-03	1.145016e-03	8.947847e-04	9.296887e-04	-3.490405e-05	4.822964e-04	2.884146e-05	-5.478057e-05	-6.435156e-05	-8.695635e-05	2.260479e-05
343           	2.348224e-03	1.203024e-03	1.145200e-03	8.957053e-04	9.306226e-04	-3.491731e-05	4.827700e-04	2.891185e-05	-5.485181e-05	-6.428132e-05	-8.699247e-05	2.271115e-05
344           	2.347715e-03	1.202699e-03	1.145016e-03	8.947849e-04	9.296890e-04	-3.490406e-05	4.822965e-04	2.884148e-05	-5.478066e-05	-6.435141e-05	-8.695637e-05	2.260496e-05
345           	2.348224e-03	1.203024e-03	1.145200e-03	8.957048e-04	9.306221e-04	-3.491731e-05	4.827697e-04	2.891180e-05	-5.485184e-05	-6.428129e-05	-8.699248e-05	2.271119e-05
346           	2.347715e-03	1.202699e-03	1.145016e-03	8.947843e-04	9.296884e-04	-3.490405e-05	4.822962e-04	2.884144e-05	-5.478064e-05	-6.435141e-05	-8.695634e-05	2.260493e-05
347           	2.348224e-03	1.203024e-03	1.145200e-03	8.957052e-04	9.306225e-04	-3.491731e-05	4.827699e-04	2.891183e-05	-5.485178e-05	-6.428141e-05	-8.699248e-05	2.271107e-05
348           	2.347715e-03	1.202699e-03	1.145016e-03	8.947846e-04	9.296886e-04	-3.490405e-05	4.822963e-04	2.884147e-05	-5.478069e-05	-6.435133e-05	-8.695636e-05	2.260502e-05
349           	2.348224e-03	1.203024e-03	1.145200e-03	8.957054e-04	9.306227e-04	-3.491731e-05	4.827700e-04	2.891184e-05	-5.485174e-05	-6.428148e-05	-8.699249e-05	2.271100e-05
350           	2.347714e-03	1.202699e-03	1.145016e-03	8.947842e-04	9.296883e-04	-3.490404e-05	4.822962e-04	2.884144e-05	-5.478072e-05	-6.435124e-05	-8.695634e-05	2.260510e-05
351           	2.348224e-03	1.203024e-03	1.145200e-03	8.957050e-04	9.306223e-04	-3.491732e-05	4.827698e-04	2.891181e-05	-5.485175e-05	-6.428149e-05	-8.699250e-05	2.271101e-05
352           	2.347714e-03	1.202699e-03	1.145016e-03	8.947841e-04	9.296881e-04	-3.490404e-05	4.822961e-04	2.884145e-05	-5.478071e-05	-6.435125e-05	-8.695634e-05	2.260509e-05
353           	2.348225e-03	1.203024e-03	1.145200e-03	8.957057e-04	9.306230e-04	-3.491732e-05	4.827702e-04	2.891186e-05	-5.485167e-05	-6.428164e-05	-8.699249e-05	2.271085e-05
354           	2.347714e-03	1.202699e-03	1.145016e-03	8.947842e-04	9.296882e-04	-3.490404e-05	4.822961e-04	2.884145e-05	-5.478079e-05	-6.435112e-05	-8.695635e-05	2.260523e-05
355           	2.348225e-03	1.203024e-03	1.145201e-03	8.957051e-04	9.306225e-04	-3.491732e-05	4.827699e-04	2.891181e-05	-5.485170e-05	-6.428161e-05	-8.699250e-05	2.271090e-05
356           	2.347714e-03	1.202698e-03	1.145015e-03	8.947837e-04	9.296877e-04	-3.490403e-05	4.822959e-04	2.884143e-05	-5.478076e-05	-6.435113e-05	-8.695632e-05	2.260520e-05
357           	2.348225e-03	1.203024e-03	1.145201e-03	8.957057e-04	9.306230e-04	-3.491732e-05	4.827702e-04	2.891185e-05	-5.485163e-05	-6.428174e-05	-8.699250e-05	2.271076e-05
358           	2.347714e-03	1.202698e-03	1.145015e-03	8.947840e-04	9.296880e-04	-3.490404e-05	4.822960e-04	2.884145e-05	-5.478082e-05	-6.435104e-05	-8.695634e-05	2.260530e-05
359           	2.348225e-03	1.203024e-03	1.145201e-03	8.957056e-04	9.306229e-04	-3.491733e-05	4.827701e-04	2.891184e-05	-5.485162e-05	-6.428177e-05	-8.699251e-05	2.271074e-05
360           	2.347713e-03	1.202698e-03	1.145015e-03	8.947835e-04	9.296876e-04	-3.490403e-05	4.822958e-04	2.884142e-05	-5.478083e-05	-6.435099e-05	-8.695632e-05	2.260534e-05
361           	2.348225e-03	1.203025e-03	1.145201e-03	8.957055e-04	9.306228e-04	-3.491733e-05	4.827701e-04	2.891183e-05	-5.485161e-05	-6.428180e-05	-8.699251e-05	2.271071e-05
362           	2.347713e-03	1.202698e-03	1.145015e-03	8.947836e-04	9.296876e-04	-3.490403e-05	4.822958e-04	2.884143e-05	-5.478084e-05	-6.435097e-05	-8.695632e-05	2.260535e-05
363           	2.348226e-03	1.203025e-03	1.145201e-03	8.957060e-04	9.306233e-04	-3.491733e-05	4.827703e-04	2.891186e-05	-5.485155e-05	-6.428192e-05	-8.699251e-05	2.271059e-05
364           	2.347713e-03	1.202698e-03	1.145015e-03	8.947835e-04	9.296875e-04	-3.490403e-05	4.822958e-04	2.884143e-05	-5.478089e-05	-6.435087e-05	-8.695633e-05	2.260546e-05
365           	2.348226e-03	1.203025e-03	1.145201e-03	8.957055e-04	9.306228e-04	-3.491733e-05	4.827701e-04	2.891182e-05	-5.485157e-05	-6.428189e-05	-8.699252e-05	2.271063e-05
366           	2.347713e-03	1.202698e-03	1.145015e-03	8.947832e-04	9.296872e-04	-3.490402e-05	4.822956e-04	2.884141e-05	-5.478087e-05	-6.435088e-05	-8.695631e-05	2.260543e-05
367           	2.348226e-03	1.203025e-03	1.145201e-03	8.957061e-04	9.306234e-04	-3.491734e-05	4.827704e-04	2.891187e-05	-5.485151e-05	-6.428202e-05	-8.699252e-05	2.271050e-05
368           	2.347713e-03	1.202698e-03	1.145015e-03	8.947834e-04	9.296874e-04	-3.490402e-05	4.822957e-04	2.884143e-05	-5.478093e-05	-6.435079e-05	-8.695632e-05	2.260553e-05
369           	2.348226e-03	1.203025e-03	1.145201e-03	8.957058e-04	9.306232e-04	-3.491734e-05	4.827703e-04	2.891184e-05	-5.485151e-05	-6.428202e-05	-8.699252e-05	2.271050e-05
370           	2.347713e-03	1.202698e-03	1.145015e-03	8.947830e-04	9.296870e-04	-3.490402e-05	4.822955e-04	2.884140e-05	-5.478093e-05	-6.435076e-05	-8.695631e-05	2.260555e-05
371           	2.348226e-03	1.203025e-03	1.145201e-03	8.957059e-04	9.306233e-04	-3.491734e-05	4.827703e-04	2.891185e-05	-5.485149e-05	-6.428208e-05	-8.699253e-05	2.271045e-05
372           	2.347713e-03	1.202698e-03	1.145015e-03	8.947831e-04	9.296871e-04	-3.490402e-05	4.822956e-04	2.884142e-05	-5.478095e-05	-6.435073e-05	-8.695631e-05	2.260558e-05
373           	2.348226e-03	1.203025e-03	1.145201e-03	8.957062e-04	9.306236e-04	-3.491734e-05	4.827705e-04	2.891187e-05	-5.485145e-05	-6.428216e-05	-8.699253e-05	2.271037e-05
374           	2.347712e-03	1.202698e-03	1.145015e-03	8.947829e-04	9.296870e-04	-3.490401e-05	4.822955e-04	2.884140e-05	-5.478098e-05	-6.435065e-05	-8.695631e-05	2.260566e-05
375           	2.348227e-03	1.203025e-03	1.145201e-03	8.957059e-04	9.306232e-04	-3.491734e-05	4.827703e-04	2.891184e-05	-5.485146e-05	-6.428215e-05	-8.699253e-05	2.271039e-05
376           	2.347712e-03	1.202697e-03	1.145015e-03	8.947827e-04	9.296867e-04	-3.490401e-05	4.822954e-04	2.884140e-05	-5.478097e-05	-6.435066e-05	-8.695630e-05	2.260564e-05
377           	2.348227e-03	1.203025e-03	1.145201e-03	8.957064e-04	9.306237e-04	-3.491735e-05	4.827705e-04	2.891188e-05	-5.485140e-05	-6.428226e-05	-8.699253e-05	2.271027e-05
378           	2.347712e-03	1.202698e-03	1.145015e-03	8.947829e-04	9.296869e-04	-3.490401e-05	4.822954e-04	2.884141e-05	-5.478102e-05	-6.435057e-05	-8.695631e-05	2.260574e-05
379           	2.348227e-03	1.203025e-03	1.145202e-03	8.957061e-04	9.306234e-04	-3.491735e-05	4.827704e-04	2.891185e-05	-5.485141e-05	-6.428225e-05	-8.699254e-05	2.271029e-05
380           	2.347712e-03	1.202697e-03	1.145015e-03	8.947825e-04	9.296865e-04	-3.490400e-05	4.822953e-04	2.884139e-05	-5.478101e-05	-6.435056e-05	-8.695629e-05	2.260573e-05
381           	2.348227e-03	1.203025e-03	1.145202e-03	8.957063e-04	9.306236e-04	-3.491735e-05	4.827705e-04	2.891186e-05	-5.485138e-05	-6.428232e-05	-8.699254e-05	2.271022e-05
382           	2.347712e-03	1.202697e-03	1.145015e-03	8.947827e-04	9.296867e-04	-3.490401e-05	4.822953e-04	2.884140e-05	-5.478104e-05	-6.435052e-05	-8.695630e-05	2.260578e-05
383           	2.348227e-03	1.203025e-03	1.145202e-03	8.957064e-04	9.306238e-04	-3.491735e-05	4.827706e-04	2.891187e-05	-5.485136e-05	-6.428237e-05	-8.699254e-05	2.271017e-05
384           	2.347712e-03	1.202697e-03	1.145014e-03	8.947824e-04	9.296865e-04	-3.490400e-05	4.822952e-04	2.884139e-05	-5.478106e-05	-6.435046e-05	-8.695629e-05	2.260583e-05
385           	2.348227e-03	1.203025e-03	1.145202e-03	8.957062e-04	9.306236e-04	-3.491735e-05	4.827705e-04	2.891185e-05	-5.485136e-05	-6.428237e-05	-8.699255e-05	2.271017e-05
386           	2.347712e-03	1.202697e-03	1.145014e-03	8.947824e-04	9.296864e-04	-3.490400e-05	4.822952e-04	2.884139e-05	-5.478106e-05	-6.435046e-05	-8.695629e-05	2.260583e-05
387           	2.348227e-03	1.203026e-03	1.145202e-03	8.957066e-04	9.306240e-04	-3.491736e-05	4.827707e-04	2.891188e-05	-5.485131e-05	-6.428247e-05	-8.699254e-05	2.271008e-05
388           	2.347712e-03	1.202697e-03	1.145014e-03	8.947824e-04	9.296864e-04	-3.490400e-05	4.822952e-04	2.884139e-05	-5.478110e-05	-6.435038e-05	-8.695629e-05	2.260591e-05
389           	2.348228e-03	1.203026e-03	1.145202e-03	8.957063e-04	9.306237e-04	-3.491736e-05	4.827705e-04	2.891186e-05	-5.485132e-05	-6.428245e-05	-8.699255e-05	2.271010e-05
390           	2.347711e-03	1.202697e-03	1.145014e-03	8.947821e-04	9.296861e-04	-3.490399e-05	4.822951e-04	2.884138e-05	-5.478109e-05	-6.435038e-05	-8.695628e-05	2.260590e-05
391           	2.348228e-03	1.203026e-03	1.145202e-03	8.957066e-04	9.306239e-04	-3.491736e-05	4.827707e-04	2.891188e-05	-5.485129e-05	-6.428253e-05	-8.699255e-05	2.271002e-05
392           	2.347711e-03	1.202697e-03	1.145014e-03	8.947823e-04	9.296863e-04	-3.490400e-05	4.822951e-04	2.884139e-05	-5.478112e-05	-6.435033e-05	-8.695629e-05	2.260596e-05
393           	2.348228e-03	1.203026e-03	1.145202e-03	8.957066e-04	9.306239e-04	-3.491736e-05	4.827707e-04	2.891187e-05	-5.485128e-05	-6.428255e-05	-8.699255e-05	2.271000e-05
394           	2.347711e-03	1.202697e-03	1.145014e-03	8.947820e-04	9.296860e-04	-3.490399e-05	4.822950e-04	2.884137e-05	-5.478113e-05	-6.435029e-05	-8.695628e-05	2.260599e-05
395           	2.348228e-03	1.203026e-03	1.145202e-03	8.957065e-04	9.306239e-04	-3.491736e-05	4.827706e-04	2.891187e-05	-5.485127e-05	-6.428257e-05	-8.699256e-05	2.270998e-05
396           	2.347711e-03	1.202697e-03	1.145014e-03	8.947820e-04	9.296860e-04	-3.490399e-05	4.822950e-04	2.884138e-05	-5.478114e-05	-6.435028e-05	-8.695628e-05	2.260599e-05
397           	2.348228e-03	1.203026e-03	1.145202e-03	8.957068e-04	9.306242e-04	-3.491736e-05	4.827708e-04	2.891189e-05	-5.485123e-05	-6.428264e-05	-8.699255e-05	2.270991e-05
398           	2.347711e-03	1.202697e-03	1.145014e-03	8.947820e-04	9.296860e-04	-3.490399e-05	4.822950e-04	2.884138e-05	-5.478117e-05	-6.435022e-05	-8.695628e-05	2.260606e-05
399           	2.348228e-03	1.203026e-03	1.145202e-03	8.957065e-04	9.306239e-04	-3.491736e-05	4.827706e-04	2.891186e-05	-5.485124e-05	-6.428263e-05	-8.699256e-05	2.270993e-05
400           	2.347711e-03	1.202697e-03	1.145014e-03	8.947818e-04	9.296858e-04	-3.490399e-05	4.822949e-04	2.884137e-05	-5.478116e-05	-6.435022e-05	-8.695627e-05	2.260605e-05
401           	2.348228e-03	1.203026e-03	1.145202e-03	8.957068e-04	9.306242e-04	-3.491737e-05	4.827708e-04	2.891189e-05	-5.485121e-05	-6.428271e-05	-8.699256e-05	2.270985e-05
402           	2.347711e-03	1.202697e-03	1.145014e-03	8.947819e-04	9.296859e-04	-3.490399e-05	4.822949e-04	2.884137e-05	-5.478119e-05	-6.435017e-05	-8.695628e-05	2.260611e-05
403           	2.348228e-03	1.203026e-03	1.145202e-03	8.957067e-04	9.306241e-04	-3.491737e-05	4.827707e-04	2.891187e-05	-5.485120e-05	-6.428272e-05	-8.699256e-05	2.270985e-05
404           	2.347711e-03	1.202697e-03	1.145014e-03	8.947817e-04	9.296857e-04	-3.490398e-05	4.822948e-04	2.884136e-05	-5.478119e-05	-6.435015e-05	-8.695627e-05	2.260612e-05
405           	2.348228e-03	1.203026e-03	1.145202e-03	8.957068e-04	9.306241e-04	-3.491737e-05	4.827708e-04	2.891188e-05	-5.485119e-05	-6.428275e-05	-8.699257e-05	2.270982e-05
406           	2.347711e-03	1.202697e-03	1.145014e-03	8.947817e-04	9.296857e-04	-3.490398e-05	4.822948e-04	2.884137e-05	-5.478121e-05	-6.435013e-05	-8.695627e-05	2.260614e-05
407           	2.348228e-03	1.203026e-03	1.145202e-03	8.957070e-04	9.306243e-04	-3.491737e-05	4.827708e-04	2.891189e-05	-5.485117e-05	-6.428280e-05	-8.699256e-05	2.270977e-05
408           	2.347710e-03	1.202697e-03	1.145014e-03	8.947816e-04	9.296856e-04	-3.490398e-05	4.822948e-04	2.884136e-05	-5.478123e-05	-6.435008e-05	-8.695627e-05	2.260619e-05
409           	2.348229e-03	1.203026e-03	1.145202e-03	8.957068e-04	9.306241e-04	-3.491737e-05	4.827708e-04	2.891187e-05	-5.485117e-05	-6.428280e-05	-8.699257e-05	2.270977e-05
410           	2.347710e-03	1.202697e-03	1.145014e-03	8.947815e-04	9.296855e-04	-3.490398e-05	4.822947e-04	2.884136e-05	-5.478122e-05	-6.435008e-05	-8.695626e-05	2.260618e-05
411           	2.348229e-03	1.203026e-03	1.145202e-03	8.957070e-04	9.306244e-04	-3.491737e-05	4.827709e-04	2.891189e-05	-5.485114e-05	-6.428286e-05	-8.699257e-05	2.270971e-05
412           	2.347710e-03	1.202697e-03	1.145014e-03	8.947816e-04	9.296855e-04	-3.490398e-05	4.822948e-04	2.884136e-05	-5.478125e-05	-6.435003e-05	-8.695627e-05	2.260624e-05
413           	2.348229e-03	1.203026e-03	1.145203e-03	8.957069e-04	9.306243e-04	-3.491737e-05	4.827708e-04	2.891188e-05	-5.485114e-05	-6.428286e-05	-8.699257e-05	2.270971e-05
414           	2.347710e-03	1.202696e-03	1.145014e-03	8.947814e-04	9.296853e-04	-3.490398e-05	4.822947e-04	2.884135e-05	-5.478125e-05	-6.435002e-05	-8.695626e-05	2.260624e-05
415           	2.348229e-03	1.203026e-03	1.145203e-03	8.957070e-04	9.306244e-04	-3.491738e-05	4.827709e-04	2.891189e-05	-5.485112e-05	-6.428290e-05	-8.699257e-05	2.270967e-05
416           	2.347710e-03	1.202696e-03	1.145014e-03	8.947814e-04	9.296854e-04	-3.490398e-05	4.822947e-04	2.884136e-05	-5.478127e-05	-6.435000e-05	-8.695626e-05	2.260627e-05
417           	2.348229e-03	1.203026e-03	1.145203e-03	8.957071e-04	9.306245e-04	-3.491738e-05	4.827709e-04	2.891189e-05	-5.485111e-05	-6.428293e-05	-8.699257e-05	2.270964e-05
418           	2.347710e-03	1.202696e-03	1.145014e-03	8.947813e-04	9.296853e-04	-3.490398e-05	4.822946e-04	2.884135e-05	-5.478128e-05	-6.434996e-05	-8.695626e-05	2.260630e-05
419           	2.348229e-03	1.203026e-03	1.145203e-03	8.957070e-04	9.306243e-04	-3.491738e-05	4.827709e-04	2.891188e-05	-5.485111e-05	-6.428294e-05	-8.699258e-05	2.270964e-05
420           	2.347710e-03	1.202696e-03	1.145014e-03	8.947812e-04	9.296852e-04	-3.490397e-05	4.822946e-04	2.884135e-05	-5.478128e-05	-6.434996e-05	-8.695626e-05	2.260630e-05
421           	2.348229e-03	1.203026e-03	1.145203e-03	8.957072e-04	9.306246e-04	-3.491738e-05	4.827710e-04	2.891190e-05	-5.485108e-05	-6.428299e-05	-8.699258e-05	2.270958e-05
422           	2.347710e-03	1.202696e-03	1.145014e-03	8.947813e-04	9.296853e-04	-3.490397e-05	4.822946e-04	2.884135e-05	-5.478130e-05	-6.434991e-05	-8.695626e-05	2.260635e-05
423           	2.348229e-03	1.203026e-03	1.145203e-03	8.957070e-04	9.306244e-04	-3.491738e-05	4.827709e-04	2.891188e-05	-5.485109e-05	-6.428299e-05	-8.699258e-05	2.270959e-05
424           	2.347710e-03	1.202696e-03	1.145014e-03	8.947811e-04	9.296851e-04	-3.490397e-05	4.822945e-04	2.884134e-05	-5.478130e-05	-6.434991e-05	-8.695625e-05	2.260635e-05
425           	2.348229e-03	1.203027e-03	1.145203e-03	8.957072e-04	9.306246e-04	-3.491738e-05	4.827710e-04	2.891189e-05	-5.485106e-05	-6.428303e-05	-8.699258e-05	2.270955e-05
426           	2.347710e-03	1.202696e-03	1.145014e-03	8.947812e-04	9.296851e-04	-3.490397e-05	4.822946e-04	2.884135e-05	-5.478132e-05	-6.434988e-05	-8.695626e-05	2.260638e-05
427           	2.348229e-03	1.203027e-03	1.145203e-03	8.957072e-04	9.306246e-04	-3.491738e-05	4.827710e-04	2.891189e-05	-5.485106e-05	-6.428305e-05	-8.699258e-05	2.270953e-05
428           	2.347710e-03	1.202696e-03	1.145013e-03	8.947811e-04	9.296850e-04	-3.490397e-05	4.822945e-04	2.884134e-05	-5.478133e-05	-6.434985e-05	-8.695625e-05	2.260640e-05
429           	2.348229e-03	1.203027e-03	1.145203e-03	8.957072e-04	9.306245e-04	-3.491738e-05	4.827710e-04	2.891189e-05	-5.485105e-05	-6.428306e-05	-8.699258e-05	2.270952e-05
430           	2.347710e-03	1.202696e-03	1.145013e-03	8.947810e-04	9.296850e-04	-3.490397e-05	4.822945e-04	2.884134e-05	-5.478133e-05	-6.434984e-05	-8.695625e-05	2.260641e-05
431           	2.348229e-03	1.203027e-03	1.145203e-03	8.957073e-04	9.306247e-04	-3.491738e-05	4.827710e-04	2.891190e-05	-5.485103e-05	-6.428311e-05	-8.699258e-05	2.270948e-05
432           	2.347710e-03	1.202696e-03	1.145013e-03	8.947810e-04	9.296850e-04	-3.490397e-05	4.822945e-04	2.884134e-05	-5.478135e-05	-6.434981e-05	-8.695625e-05	2.260645e-05
433           	2.348230e-03	1.203027e-03	1.145203e-03	8.957072e-04	9.306246e-04	-3.491738e-05	4.827710e-04	2.891189e-05	-5.485103e-05	-6.428310e-05	-8.699259e-05	2.270948e-05
434           	2.347709e-03	1.202696e-03	1.145013e-03	8.947809e-04	9.296849e-04	-3.490397e-05	4.822944e-04	2.884134e-05	-5.478134e-05	-6.434980e-05	-8.695625e-05	2.260644e-05
435           	2.348230e-03	1.203027e-03	1.145203e-03	8.957073e-04	9.306247e-04	-3.491739e-05	4.827711e-04	2.891190e-05	-5.485101e-05	-6.428315e-05	-8.699259e-05	2.270944e-05
436           	2.347709e-03	1.202696e-03	1.145013e-03	8.947809e-04	9.296849e-04	-3.490397e-05	4.822944e-04	2.884134e-05	-5.478136e-05	-6.434977e-05	-8.695625e-05	2.260648e-05
437           	2.348230e-03	1.203027e-03	1.145203e-03	8.957073e-04	9.306247e-04	-3.491739e-05	4.827710e-04	2.891189e-05	-5.485101e-05	-6.428316e-05	-8.699259e-05	2.270943e-05
438           	2.347709e-03	1.202696e-03	1.145013e-03	8.947808e-04	9.296848e-04	-3.490396e-05	4.822944e-04	2.884134e-05	-5.478137e-05	-6.434976e-05	-8.695625e-05	2.260649e-05
439           	2.348230e-03	1.203027e-03	1.145203e-03	8.957073e-04	9.306247e-04	-3.491739e-05	4.827710e-04	2.891189e-05	-5.485100e-05	-6.428317e-05	-8.699259e-05	2.270942e-05
440           	2.347709e-03	1.202696e-03	1.145013e-03	8.947808e-04	9.296848e-04	-3.490396e-05	4.822944e-04	2.884134e-05	-5.478137e-05	-6.434975e-05	-8.695625e-05	2.260650e-05
441           	2.348230e-03	1.203027e-03	1.145203e-03	8.957074e-04	9.306248e-04	-3.491739e-05	4.827711e-04	2.891190e-05	-5.485099e-05	-6.428321e-05	-8.699259e-05	2.270938e-05
442           	2.347709e-03	1.202696e-03	1.145013e-03	8.947808e-04	9.296848e-04	-3.490396e-05	4.822944e-04	2.884134e-05	-5.478139e-05	-6.434972e-05	-8.695625e-05	2.260653e-05
443           	2.348230e-03	1.203027e-03	1.145203e-03	8.957073e-04	9.306247e-04	-3.491739e-05	4.827711e-04	2.891189e-05	-5.485099e-05	-6.428321e-05	-8.699259e-05	2.270939e-05
444           	2.347709e-03	1.202696e-03	1.145013e-03	8.947807e-04	9.296847e-04	-3.490396e-05	4.822943e-04	2.884133e-05	-5.478138e-05	-6.434971e-05	-8.695624e-05	2.260653e-05
445           	2.348230e-03	1.203027e-03	1.145203e-03	8.957075e-04	9.306249e-04	-3.491739e-05	4.827711e-04	2.891190e-05	-5.485097e-05	-6.428324e-05	-8.699259e-05	2.270935e-05
446           	2.347709e-03	1.202696e-03	1.145013e-03	8.947807e-04	9.296847e-04	-3.490396e-05	4.822943e-04	2.884134e-05	-5.478140e-05	-6.434969e-05	-8.695624e-05	2.260656e-05
447           	2.348230e-03	1.203027e-03	1.145203e-03	8.957074e-04	9.306248e-04	-3.491739e-05	4.827711e-04	2.891190e-05	-5.485097e-05	-6.428325e-05	-8.699259e-05	2.270935e-05
448           	2.347709e-03	1.202696e-03	1.145013e-03	8.947806e-04	9.296846e-04	-3.490396e-05	4.822943e-04	2.884133e-05	-5.478140e-05	-6.434968e-05	-8.695624e-05	2.260656e-05
449           	2.348230e-03	1.203027e-03	1.145203e-03	8.957075e-04	9.306249e-04	-3.491739e-05	4.827711e-04	2.891190e-05	-5.485096e-05	-6.428327e-05	-8.699260e-05	2.270932e-05
450           	2.347709e-03	1.202696e-03	1.145013e-03	8.947807e-04	9.296846e-04	-3.490396e-05	4.822943e-04	2.884133e-05	-5.478141e-05	-6.434966e-05	-8.695624e-05	2.260658e-05
451           	2.348230e-03	1.203027e-03	1.145203e-03	8.957075e-04	9.306249e-04	-3.491739e-05	4.827712e-04	2.891190e-05	-5.485095e-05	-6.428329e-05	-8.699260e-05	2.270930e-05
452           	2.347709e-03	1.202696e-03	1.145013e-03	8.947806e-04	9.296846e-04	-3.490396e-05	4.822943e-04	2.884133e-05	-5.478142e-05	-6.434964e-05	-8.695624e-05	2.260660e-05
453           	2.348230e-03	1.203027e-03	1.145203e-03	8.957075e-04	9.306248e-04	-3.491739e-05	4.827711e-04	2.891190e-05	-5.485095e-05	-6.428330e-05	-8.699260e-05	2.270930e-05
454           	2.347709e-03	1.202696e-03	1.145013e-03	8.947805e-04	9.296845e-04	-3.490396e-05	4.822942e-04	2.884133e-05	-5.478142e-05	-6.434963e-05	-8.695624e-05	2.260660e-05
455           	2.348230e-03	1.203027e-03	1.145203e-03	8.957076e-04	9.306250e-04	-3.491739e-05	4.827712e-04	2.891191e-05	-5.485093e-05	-6.428333e-05	-8.699260e-05	2.270927e-05
456           	2.347709e-03	1.202696e-03	1.145013e-03	8.947806e-04	9.296845e-04	-3.490396e-05	4.822942e-04	2.884133e-05	-5.478143e-05	-6.434961e-05	-8.695624e-05	2.260663e-05
457           	2.348230e-03	1.203027e-03	1.145203e-03	8.957075e-04	9.306249e-04	-3.491739e-05	4.827712e-04	2.891190e-05	-5.485093e-05	-6.428333e-05	-8.699260e-05	2.270927e-05
458           	2.347709e-03	1.202696e-03	1.145013e-03	8.947805e-04	9.296844e-04	-3.490396e-05	4.822942e-04	2.884132e-05	-5.478143e-05	-6.434960e-05	-8.695623e-05	2.260663e-05
459           	2.348230e-03	1.203027e-03	1.145203e-03	8.957076e-04	9.306250e-04	-3.491740e-05	4.827712e-04	2.891190e-05	-5.485092e-05	-6.428336e-05	-8.699260e-05	2.270924e-05
460           	2.347709e-03	1.202696e-03	1.145013e-03	8.947805e-04	9.296844e-04	-3.490396e-05	4.822942e-04	2.884133e-05	-5.478144e-05	-6.434959e-05	-8.695624e-05	2.260665e-05
461           	2.348230e-03	1.203027e-03	1.145203e-03	8.957076e-04	9.306250e-04	-3.491740e-05	4.827712e-04	2.891190e-05	-5.485092e-05	-6.428337e-05	-8.699260e-05	2.270923e-05
462           	2.347709e-03	1.202696e-03	1.145013e-03	8.947804e-04	9.296844e-04	-3.490396e-05	4.822942e-04	2.884132e-05	-5.478145e-05	-6.434957e-05	-8.695623e-05	2.260667e-05
463           	2.348230e-03	1.203027e-03	1.145203e-03	8.957076e-04	9.306250e-04	-3.491740e-05	4.827712e-04	2.891190e-05	-5.485091e-05	-6.428338e-05	-8.699260e-05	2.270922e-05
464           	2.347709e-03	1.202696e-03	1.145013e-03	8.947804e-04	9.296844e-04	-3.490395e-05	4.822942e-04	2.884132e-05	-5.478145e-05	-6.434956e-05	-8.695623e-05	2.260667e-05
465           	2.348230e-03	1.203027e-03	1.145203e-03	8.957077e-04	9.306251e-04	-3.491740e-05	4.827712e-04	2.891191e-05	-5.485090e-05	-6.428340e-05	-8.699260e-05	2.270920e-05
466           	2.347709e-03	1.202696e-03	1.145013e-03	8.947804e-04	9.296844e-04	-3.490395e-05	4.822942e-04	2.884132e-05	-5.478146e-05	-6.434954e-05	-8.695623e-05	2.260669e-05
467           	2.348231e-03	1.203027e-03	1.145203e-03	8.957076e-04	9.306250e-04	-3.491740e-05	4.827712e-04	2.891190e-05	-5.485090e-05	-6.428340e-05	-8.699260e-05	2.270920e-05
468           	2.347709e-03	1.202696e-03	1.145013e-03	8.947803e-04	9.296843e-04	-3.490395e-05	4.822941e-04	2.884132e-05	-5.478146e-05	-6.434954e-05	-8.695623e-05	2.260669e-05
469           	2.348231e-03	1.203027e-03	1.145203e-03	8.957077e-04	9.306251e-04	-3.491740e-05	4.827712e-04	2.891191e-05	-5.485089e-05	-6.428343e-05	-8.699260e-05	2.270918e-05
470           	2.347709e-03	1.202696e-03	1.145013e-03	8.947803e-04	9.296843e-04	-3.490395e-05	4.822941e-04	2.884132e-05	-5.478147e-05	-6.434952e-05	-8.695623e-05	2.260671e-05
471           	2.348231e-03	1.203027e-03	1.145203e-03	8.957077e-04	9.306251e-04	-3.491740e-05	4.827712e-04	2.891191e-05	-5.485089e-05	-6.428344e-05	-8.699260e-05	2.270917e-05
472           	2.347708e-03	1.202696e-03	1.145013e-03	8.947803e-04	9.296842e-04	-3.490395e-05	4.822941e-04	2.884132e-05	-5.478148e-05	-6.434951e-05	-8.695623e-05	2.260672e-05
473           	2.348231e-03	1.203027e-03	1.145203e-03	8.957077e-04	9.306251e-04	-3.491740e-05	4.827712e-04	2.891190e-05	-5.485088e-05	-6.428345e-05	-8.699261e-05	2.270916e-05
474           	2.347708e-03	1.202696e-03	1.145013e-03	8.947803e-04	9.296842e-04	-3.490395e-05	4.822941e-04	2.884132e-05	-5.478148e-05	-6.434950e-05	-8.695623e-05	2.260673e-05
475           	2.348231e-03	1.203027e-03	1.145203e-03	8.957077e-04	9.306251e-04	-3.491740e-05	4.827713e-04	2.891191e-05	-5.485087e-05	-6.428347e-05	-8.699261e-05	2.270914e-05
476           	2.347708e-03	1.202696e-03	1.145013e-03	8.947803e-04	9.296842e-04	-3.490395e-05	4.822941e-04	2.884132e-05	-5.478149e-05	-6.434948e-05	-8.695623e-05	2.260675e-05
477           	2.348231e-03	1.203027e-03	1.145203e-03	8.957077e-04	9.306251e-04	-3.491740e-05	4.827712e-04	2.891190e-05	-5.485087e-05	-6.428347e-05	-8.699261e-05	2.270914e-05
478           	2.347708e-03	1.202696e-03	1.145013e-03	8.947802e-04	9.296842e-04	-3.490395e-05	4.822941e-04	2.884132e-05	-5.478149e-05	-6.434948e-05	-8.695623e-05	2.260675e-05
479           	2.348231e-03	1.203027e-03	1.145203e-03	8.957078e-04	9.306252e-04	-3.491740e-05	4.827713e-04	2.891191e-05	-5.485086e-05	-6.428349e-05	-8.699261e-05	2.270912e-05
480           	2.347708e-03	1.202696e-03	1.145013e-03	8.947802e-04	9.296842e-04	-3.490395e-05	4.822941e-04	2.884132e-05	-5.478150e-05	-6.434946e-05	-8.695623e-05	2.260677e-05
481           	2.348231e-03	1.203027e-03	1.145203e-03	8.957077e-04	9.306251e-04	-3.491740e-05	4.827713e-04	2.891191e-05	-5.485086e-05	-6.428350e-05	-8.699261e-05	2.270911e-05
482           	2.347708e-03	1.202695e-03	1.145013e-03	8.947802e-04	9.296841e-04	-3.490395e-05	4.822940e-04	2.884131e-05	-5.478150e-05	-6.434946e-05	-8.695623e-05	2.260677e-05
483           	2.348231e-03	1.203027e-03	1.145204e-03	8.957078e-04	9.306252e-04	-3.491740e-05	4.827713e-04	2.891191e-05	-5.485085e-05	-6.428351e-05	-8.699261e-05	2.270910e-05
484           	2.347708e-03	1.202695e-03	1.145013e-03	8.947802e-04	9.296841e-04	-3.490395e-05	4.822940e-04	2.884132e-05	-5.478150e-05	-6.434945e-05	-8.695623e-05	2.260678e-05
485           	2.348231e-03	1.203027e-03	1.145204e-03	8.957078e-04	9.306252e-04	-3.491740e-05	4.827713e-04	2.891191e-05	-5.485085e-05	-6.428352e-05	-8.699261e-05	2.270909e-05
486           	2.347708e-03	1.202695e-03	1.145013e-03	8.947801e-04	9.296841e-04	-3.490395e-05	4.822940e-04	2.884131e-05	-5.478151e-05	-6.434943e-05	-8.695623e-05	2.260679e-05
487           	2.348231e-03	1.203027e-03	1.145204e-03	8.957078e-04	9.306252e-04	-3.491740e-05	4.827713e-04	2.891191e-05	-5.485085e-05	-6.428353e-05	-8.699261e-05	2.270908e-05
488           	2.347708e-03	1.202695e-03	1.145013e-03	8.947801e-04	9.296840e-04	-3.490395e-05	4.822940e-04	2.884131e-05	-5.478151e-05	-6.434943e-05	-8.695622e-05	2.260679e-05
489           	2.348231e-03	1.203027e-03	1.145204e-03	8.957078e-04	9.306252e-04	-3.491740e-05	4.827713e-04	2.891191e-05	-5.485084e-05	-6.428355e-05	-8.699261e-05	2.270906e-05
490           	2.347708e-03	1.202695e-03	1.145013e-03	8.947801e-04	9.296841e-04	-3.490395e-05	4.822940e-04	2.884131e-05	-5.478152e-05	-6.434941e-05	-8.695623e-05	2.260681e-05
491           	2.348231e-03	1.203027e-03	1.145204e-03	8.957078e-04	9.306252e-04	-3.491740e-05	4.827713e-04	2.891191e-05	-5.485084e-05	-6.428355e-05	-8.699261e-05	2.270906e-05
492           	2.347708e-03	1.202695e-03	1.145013e-03	8.947800e-04	9.296840e-04	-3.490395e-05	4.822940e-04	2.884131e-05	-5.478152e-05	-6.434941e-05	-8.695622e-05	2.260681e-05
493           	2.348231e-03	1.203027e-03	1.145204e-03	8.957078e-04	9.306252e-04	-3.491740e-05	4.827713e-04	2.891191e-05	-5.485083e-05	-6.428356e-05	-8.699261e-05	2.270905e-05
494           	2.347708e-03	1.202695e-03	1.145013e-03	8.947801e-04	9.296840e-04	-3.490395e-05	4.822940e-04	2.884131e-05	-5.478152e-05	-6.434940e-05	-8.695622e-05	2.260682e-05
495           	2.348231e-03	1.203027e-03	1.145204e-03	8.957079e-04	9.306253e-04	-3.491740e-05	4.827713e-04	2.891191e-05	-5.485083e-05	-6.428357e-05	-8.699261e-05	2.270904e-05
496           	2.347708e-03	1.202695e-03	1.145013e-03	8.947800e-04	9.296840e-04	-3.490395e-05	4.822940e-04	2.884131e-05	-5.478153e-05	-6.434939e-05	-8.695622e-05	2.260683e-05
497           	2.348231e-03	1.203027e-03	1.145204e-03	8.957078e-04	9.306252e-04	-3.491740e-05	4.827713e-04	2.891191e-05	-5.485082e-05	-6.428358e-05	-8.699261e-05	2.270904e-05
498           	2.347708e-03	1.202695e-03	1.145013e-03	8.947800e-04	9.296839e-04	-3.490395e-05	4.822939e-04	2.884131e-05	-5.478153e-05	-6.434938e-05	-8.695622e-05	2.260684e-05
499           	2.348231e-03	1.203027e-03	1.145204e-03	8.957079e-04	9.306253e-04	-3.491741e-05	4.827714e-04	2.891191e-05	-5.485082e-05	-6.428359e-05	-8.699261e-05	2.270902e-05
500           	2.347708e-03	1.202695e-03	1.145013e-03	8.947800e-04	9.296839e-04	-3.490395e-05	4.822939e-04	2.884131e-05	-5.478154e-05	-6.434937e-05	-8.695622e-05	2.260685e-05
